1	:	2	7	2	8	3	2
2	:	8	7	4	8	8	2
3	:	1	3	4	7	6	5
4	:	4	1	0	5	5	1
5	:	3	7	7	3	9	6
6	:	1	8	9	10	5	10
7	:	1	9	9	5	1	5
8	:	5	4	0	3	9	7
9	:	7	2	10	1	3	0
10	:	9	1	9	10	3	4	5	1	6	9	9	6	8	6	8	1	8	9	9	6	2	1	4	3	2	8	5	5	0	1	1	2	8
11	:	6	10	4	2	4	10
12	:	4	7	4	2	2	10
13	:	4	9	4	3	10	4
14	:	2	1	10	9	10	0
15	:	5	2	1	8	4	7
16	:	8	5	3	10	3	3
17	:	8	5	4	5	2	7
18	:	3	2	1	9	6	3
19	:	6	3	8	2	8	3
20	:	3	9	3	5	3	5
21	:	3	8	5	1	7	3
22	:	9	0	6	5	6	1
23	:	6	3	3	0	8	7	1	3	3	1	5	5	6	9	4	7
24	:	9	4	9	2	4	8
25	:	2	1	2	6	3	5
26	:	3	6	2	3	3	8
27	:	8	6	9	9	8	2
28	:	4	3	4	9	7	8
29	:	3	8	8	1	7	2
30	:	7	4	4	3	2	1
31	:	3	6	2	6	4	1
32	:	6	8	10	4	10	4
33	:	1	2	6	0	3	5	7	3	6	2	1	0	5	2	8	9	3	4
34	:	1	1	5	4	8	4
35	:	8	8	4	3	5	10
36	:	5	2	4	2	9	8
37	:	5	10	9	10	1	6
38	:	6	2	5	9	6	3
39	:	6	8	2	9	8	1
40	:	0	1	7	7	3	8
41	:	4	8	6	6	1	5
42	:	1	9	4	6	8	0
43	:	2	9	8	8	5	4
44	:	10	9	1	1	9	6
45	:	1	2	7	2	9	6
46	:	4	1	6	3	9	6
47	:	5	2	7	3	8	0
48	:	9	5	1	1	6	9
49	:	0	6	6	5	0	1
50	:	8	9	3	0	10	1
51	:	7	4	2	6	0	3
52	:	1	5	2	6	4	6
53	:	5	0	3	2	9	7
54	:	9	9	6	10	9	1
55	:	8	7	5	8	2	9
56	:	9	6	2	2	0	5
57	:	8	7	1	9	4	8	7	7	0	7	0	4	9	9	3	1	8	4	4	3	5	6	7	9	0	4	6	4	4	5	1	6	1	1	2	6	9	7
58	:	7	6	6	2	8	3
59	:	8	0	8	5	2	9
60	:	4	1	9	9	4	9
61	:	2	9	0	6	2	6
62	:	7	0	4	8	8	4
63	:	8	9	3	4	6	10
64	:	4	6	1	8	10	1
65	:	0	1	4	9	2	4
66	:	7	4	6	5	3	10
67	:	9	0	8	5	6	6
68	:	4	4	8	6	2	4
69	:	5	7	10	8	9	3
70	:	5	1	8	3	10	1
71	:	2	10	3	8	9	10
72	:	3	4	9	9	5	3
73	:	9	5	8	7	4	4
74	:	6	8	10	9	9	10
75	:	4	5	0	7	9	3
76	:	1	3	5	7	0	1
77	:	3	0	6	1	9	4
78	:	5	0	6	6	3	1
79	:	9	1	5	6	4	4
80	:	1	6	2	2	8	1
81	:	2	4	1	0	0	6
82	:	8	5	9	7	8	3
83	:	5	2	6	5	4	5
84	:	5	6	5	2	6	1
85	:	0	4	3	2	1	3
86	:	10	10	10	8	8	9
87	:	2	5	8	1	10	8
88	:	6	4	5	7	4	5
89	:	6	7	2	5	4	1
90	:	9	2	6	4	5	5
91	:	8	3	6	9	1	1
92	:	3	2	0	8	7	8
93	:	1	4	1	1	0	5
94	:	9	3	5	3	2	6
95	:	5	2	7	10	8	9
96	:	8	3	7	4	6	1
97	:	1	4	2	4	1	9
98	:	6	8	8	9	1	2
99	:	3	9	9	6	0	6
100	:	9	6	8	7	2	9
101	:	8	9	9	10	1	7
102	:	6	6	9	5	0	6
103	:	1	7	1	8	2	8
104	:	9	7	7	10	4	4
105	:	10	6	6	4	6	8
106	:	3	1	2	5	3	8
107	:	2	5	3	6	6	1
108	:	7	1	6	5	7	2
109	:	6	4	10	5	6	9
110	:	8	10	0	9	8	1
111	:	3	1	6	4	3	8
112	:	4	8	3	7	7	8
113	:	0	4	5	3	2	7
114	:	3	3	1	5	7	7
115	:	8	3	1	9	2	6
116	:	7	8	7	8	10	6
117	:	10	3	8	4	3	9
118	:	7	6	3	7	4	4
119	:	7	5	0	9	0	2
120	:	5	10	9	5	2	5
121	:	7	8	0	3	7	7
122	:	6	3	2	10	6	5
123	:	3	6	8	3	10	6
124	:	4	2	5	1	8	9
125	:	9	9	4	9	8	5
126	:	1	7	7	2	5	7
127	:	7	3	8	6	2	1
128	:	5	9	7	9	0	8
129	:	2	7	2	2	7	10
130	:	9	10	0	3	1	4
131	:	3	9	5	3	7	4
132	:	2	1	8	2	1	3
133	:	0	5	9	10	5	1
134	:	9	8	3	4	7	0
135	:	5	1	10	10	8	8
136	:	8	6	7	2	8	4
137	:	5	1	1	8	3	4
138	:	8	1	6	5	1	9
139	:	3	5	0	4	6	0
140	:	1	1	1	5	3	8
141	:	4	9	7	7	10	6
142	:	10	5	6	5	9	3
143	:	8	5	4	4	8	2
144	:	6	9	8	1	6	6
145	:	2	10	6	0	7	8
146	:	5	6	3	2	2	5
147	:	1	7	3	2	1	6
148	:	2	2	3	8	8	9
149	:	0	6	8	10	5	9
150	:	2	5	2	4	4	6
151	:	4	3	7	6	6	10
152	:	5	8	6	0	9	8
153	:	1	2	6	6	0	5
154	:	8	6	10	1	1	4
155	:	1	6	6	5	7	10
156	:	8	5	6	5	3	3
157	:	3	1	4	1	7	3
158	:	6	7	4	10	3	7
159	:	7	6	5	9	6	0
160	:	1	10	8	6	9	9
161	:	1	3	10	8	4	0
162	:	10	4	1	7	1	6
163	:	9	6	6	8	0	3
164	:	6	8	2	2	6	6
165	:	4	10	7	6	1	1
166	:	4	0	5	3	7	5
167	:	1	8	8	9	9	7
168	:	10	4	5	3	9	9
169	:	0	6	1	10	8	8
170	:	5	7	9	4	9	3
171	:	8	10	5	6	1	8
172	:	6	3	8	2	9	5
173	:	4	1	5	1	10	6
174	:	7	5	6	7	9	5
175	:	2	9	4	7	10	5
176	:	3	8	9	6	0	1
177	:	4	7	4	9	6	3
178	:	2	6	4	1	3	3
179	:	7	7	8	3	6	6
180	:	6	2	3	1	4	7
181	:	0	6	6	7	6	2
182	:	5	3	8	5	5	10
183	:	6	4	9	5	10	1
184	:	3	5	4	9	6	10
185	:	0	8	5	10	1	9
186	:	0	5	3	10	9	1
187	:	5	8	4	5	5	0
188	:	3	9	6	6	2	0
189	:	9	1	8	6	8	8
190	:	8	1	5	2	2	3
191	:	7	5	6	1	7	8
192	:	9	0	1	7	4	2
193	:	1	7	3	9	5	5
194	:	6	5	3	7	4	3
195	:	2	8	2	7	1	5
196	:	7	7	9	2	9	5
197	:	6	7	6	6	6	3
198	:	10	2	2	4	6	10
199	:	10	8	9	9	2	6
200	:	3	8	8	7	9	5
201	:	6	1	1	7	1	7
202	:	6	8	2	5	1	7
203	:	3	9	6	1	9	5
204	:	2	9	5	5	7	3
205	:	9	3	2	4	1	4
206	:	5	8	8	7	4	2
207	:	10	6	6	4	6	5
208	:	5	8	0	4	9	2
209	:	7	6	1	6	10	7
210	:	3	3	1	10	1	2
211	:	2	3	2	4	6	1
212	:	4	8	8	8	3	3
213	:	6	0	3	8	5	4
214	:	7	2	9	8	3	10
215	:	9	4	3	4	3	4
216	:	6	4	7	3	4	8
217	:	5	3	1	5	3	7
218	:	3	7	0	3	8	1
219	:	2	4	4	9	6	9
220	:	5	3	6	8	8	2
221	:	3	10	0	1	5	5
222	:	9	7	3	4	7	5
223	:	6	0	5	3	8	1
224	:	3	7	1	1	5	0
225	:	1	5	1	2	8	10
226	:	6	1	6	6	2	3
227	:	5	9	3	4	7	7
228	:	8	5	3	6	1	8
229	:	8	5	0	8	9	0
230	:	9	9	3	0	2	7
231	:	8	5	10	7	7	2
232	:	9	1	3	6	6	8
233	:	6	6	10	10	6	5
234	:	4	4	3	3	9	2
235	:	7	0	9	2	4	9
236	:	3	6	0	2	9	3
237	:	7	10	0	7	1	2
238	:	4	8	10	4	5	9
239	:	10	4	5	3	9	5
240	:	3	10	6	8	6	2
241	:	0	9	1	9	6	9
242	:	9	5	9	1	6	1
243	:	2	5	3	7	8	3
244	:	6	7	4	1	7	1
245	:	3	4	2	1	2	6
246	:	8	3	1	7	10	10
247	:	9	9	1	9	6	0
248	:	2	9	3	6	2	8
249	:	5	7	6	6	4	6
250	:	6	10	1	7	8	3
251	:	2	2	0	10	5	3
252	:	6	1	7	7	3	1
253	:	3	3	1	9	6	8
254	:	5	0	8	1	4	6
255	:	7	5	5	4	9	3
256	:	8	7	4	9	2	2
257	:	6	2	0	7	1	5
258	:	4	4	1	7	8	1
259	:	3	5	7	2	3	9
260	:	4	3	2	10	1	7
261	:	5	10	6	10	6	2
262	:	1	6	2	6	9	4
263	:	8	8	0	5	6	2
264	:	2	6	4	4	6	2
265	:	7	7	8	0	1	2
266	:	10	7	9	8	4	1
267	:	4	0	6	7	3	0
268	:	3	1	2	3	2	7
269	:	8	3	1	2	9	7
270	:	8	1	10	8	4	7
271	:	7	9	2	8	5	6
272	:	3	6	4	0	3	8
273	:	7	2	2	6	6	1
274	:	3	10	5	2	3	4
275	:	1	2	5	5	6	10
276	:	9	7	9	2	2	6
277	:	5	4	10	0	4	6
278	:	3	9	4	9	7	0
279	:	6	3	4	5	4	4
280	:	7	7	7	9	9	5
281	:	4	7	5	2	7	1
282	:	5	9	9	9	5	4
283	:	3	7	1	8	5	4
284	:	6	9	3	6	0	0
285	:	4	8	5	7	7	3
286	:	3	5	3	7	8	6
287	:	0	5	4	8	8	1
288	:	7	8	5	7	7	5
289	:	10	2	9	4	6	3
290	:	10	9	4	5	4	8
291	:	3	4	7	10	0	5
292	:	8	1	5	10	5	4
293	:	1	6	5	4	2	2
294	:	9	10	9	4	8	3
295	:	2	3	3	1	1	8
296	:	8	6	10	8	1	0
297	:	5	6	3	2	6	2
298	:	3	1	5	6	2	6
299	:	4	2	6	5	3	6
300	:	1	5	6	5	10	1
301	:	10	2	2	1	3	7
302	:	3	2	8	4	3	4
303	:	0	10	7	10	4	1
304	:	9	5	2	3	6	9
305	:	7	1	3	7	4	9
306	:	3	0	8	4	8	0
307	:	2	6	4	6	6	7
308	:	9	2	10	7	9	5
309	:	10	1	0	5	9	7
310	:	7	4	2	3	10	8
311	:	8	1	3	8	4	6
312	:	5	1	2	8	5	4
313	:	1	2	5	9	1	3
314	:	10	8	5	4	1	5
315	:	3	2	7	4	0	6
316	:	4	3	7	0	6	3
317	:	7	1	2	3	3	8
318	:	6	4	4	9	1	10
319	:	4	3	9	5	9	9
320	:	7	7	0	8	9	3
321	:	3	1	10	9	2	2
322	:	6	1	5	1	3	5
323	:	8	8	6	7	5	3
324	:	5	7	6	7	2	8
325	:	2	9	5	2	9	1
326	:	0	6	6	9	2	1
327	:	6	0	4	6	6	7
328	:	2	6	2	7	8	1
329	:	6	5	6	4	8	5
330	:	4	0	0	0	7	6
331	:	8	6	10	8	5	9
332	:	5	7	10	8	3	8
333	:	9	9	8	5	6	1
334	:	8	1	7	4	3	3
335	:	3	9	8	4	6	5
336	:	5	8	9	7	8	2
337	:	6	3	5	5	5	5
338	:	8	2	6	5	5	1
339	:	5	4	7	6	2	5
340	:	9	4	2	2	7	2
341	:	8	1	8	10	4	8
342	:	3	8	8	7	9	7
343	:	4	2	8	6	2	9
344	:	4	3	7	3	8	1
345	:	1	3	4	7	5	1
346	:	4	4	7	5	10	7
347	:	9	2	7	9	10	0
348	:	7	3	1	1	1	10
349	:	9	6	9	8	2	6
350	:	8	8	1	2	7	2
351	:	5	0	3	4	4	9
352	:	9	1	10	2	4	6
353	:	4	3	7	5	3	7
354	:	1	1	3	2	5	4
355	:	1	9	2	8	0	0
356	:	10	1	10	3	1	1
357	:	5	4	8	3	6	9
358	:	4	6	4	9	3	4
359	:	4	9	9	4	0	4
360	:	3	8	3	2	9	7
361	:	2	8	7	3	9	3
362	:	5	7	7	5	2	7
363	:	10	0	0	8	2	6
364	:	1	6	5	2	10	6
365	:	4	1	3	8	5	2
366	:	9	6	3	5	4	1
367	:	0	8	7	3	6	0
368	:	7	1	5	4	5	9
369	:	2	10	7	4	7	7
370	:	9	4	7	7	2	2
371	:	9	7	9	4	0	5
372	:	2	2	1	3	2	7
373	:	7	1	9	2	8	4
374	:	7	2	7	5	5	7
375	:	4	3	7	5	8	2
376	:	3	9	3	8	10	8
377	:	9	3	6	6	1	5
378	:	5	7	6	2	8	6
379	:	5	4	6	4	2	3
380	:	5	8	8	4	3	4
381	:	2	7	3	10	6	2
382	:	10	6	10	9	10	4
383	:	1	5	5	9	10	3
384	:	1	6	6	3	5	3
385	:	6	5	4	4	6	9
386	:	8	1	4	6	10	5
387	:	7	3	8	7	5	4
388	:	4	2	10	6	10	9
389	:	7	1	10	5	5	8
390	:	10	7	8	10	5	2
391	:	9	7	2	4	6	3
392	:	9	8	7	8	5	9
393	:	2	1	0	3	3	7
394	:	9	6	0	2	9	1
395	:	5	4	9	5	5	4
396	:	7	7	4	2	7	7
397	:	1	4	8	2	2	6
398	:	2	7	4	4	7	9
399	:	1	7	9	1	4	4
400	:	9	8	4	9	9	0
401	:	10	8	4	1	1	4
402	:	1	4	6	0	9	9
403	:	9	8	4	6	5	8
404	:	9	8	6	2	6	1
405	:	3	6	5	5	9	7
406	:	3	4	3	9	6	4
407	:	3	2	6	7	8	4
408	:	0	3	9	1	1	7
409	:	3	10	5	7	6	6
410	:	1	9	8	2	2	6
411	:	0	3	8	7	6	5
412	:	8	4	2	2	2	2
413	:	2	9	6	1	6	2
414	:	6	4	3	10	6	7
415	:	3	6	8	6	5	10
416	:	6	4	6	9	9	8
417	:	4	1	7	3	4	8
418	:	9	2	6	3	4	7
419	:	7	1	1	6	5	1
420	:	1	1	5	2	3	2
421	:	8	7	4	3	7	3
422	:	6	4	9	1	2	10
423	:	8	4	4	2	2	9
424	:	2	8	9	6	0	6
425	:	1	5	9	3	7	7
426	:	8	1	4	7	9	10
427	:	7	7	3	4	1	9
428	:	7	8	1	3	8	2
429	:	7	7	10	6	3	5
430	:	8	4	7	0	7	8
431	:	6	5	4	1	9	5
432	:	4	9	5	7	2	1
433	:	4	1	6	7	4	7
434	:	7	2	8	5	6	4
435	:	4	4	8	10	2	1
436	:	3	1	5	2	4	2
437	:	2	6	0	7	4	9
438	:	8	1	1	4	10	2
439	:	9	5	8	8	10	7
440	:	1	6	3	6	0	7
441	:	4	10	4	5	4	2
442	:	8	3	4	6	0	4
443	:	7	6	5	6	4	1
444	:	1	6	5	8	10	2
445	:	6	9	2	6	7	2
446	:	0	4	7	2	9	7
447	:	8	5	8	6	8	10
448	:	0	6	9	1	10	6
449	:	9	7	9	5	6	9
450	:	5	0	1	3	7	7
451	:	3	6	2	8	0	5
452	:	8	6	4	2	10	7
453	:	2	1	3	2	7	7
454	:	3	8	7	3	4	3
455	:	10	2	6	1	9	8
456	:	7	6	4	9	0	5
457	:	9	0	5	9	5	5
458	:	0	4	2	0	0	6
459	:	4	7	7	1	3	3
460	:	6	9	7	4	8	1
461	:	6	2	9	3	2	7
462	:	1	3	9	8	9	5
463	:	5	7	7	8	2	1
464	:	9	9	6	1	5	10
465	:	0	10	6	4	8	6
466	:	2	9	5	10	1	10
467	:	5	6	9	9	6	9
468	:	8	7	8	7	1	3
469	:	1	2	6	5	5	9
470	:	5	10	0	8	1	5
471	:	7	9	7	0	9	5
472	:	5	3	7	1	9	7
473	:	6	3	7	8	5	2
474	:	4	1	6	2	5	4
475	:	3	7	1	9	8	10
476	:	0	8	1	8	3	8
477	:	5	1	8	1	7	1
478	:	2	7	8	4	7	5
479	:	7	6	2	10	9	7
480	:	5	4	6	2	7	2
481	:	1	4	9	5	7	6
482	:	6	4	6	4	2	2
483	:	7	3	0	8	9	5
484	:	3	2	4	9	2	6
485	:	5	1	0	1	1	8
486	:	7	0	1	5	5	5
487	:	0	7	0	4	8	5
488	:	8	7	9	4	7	8
489	:	9	5	4	3	3	2
490	:	1	3	2	1	4	0
491	:	6	4	1	1	5	8
492	:	5	9	4	5	8	3
493	:	8	5	1	2	9	8
494	:	1	3	7	8	2	5
495	:	3	5	10	1	3	9
496	:	4	2	5	1	5	4
497	:	6	0	5	10	4	5
498	:	4	5	7	6	6	7
499	:	3	4	8	1	2	5
500	:	5	7	4	9	3	6
501	:	3	4	8	0	8	4
502	:	6	6	3	8	1	3
503	:	6	4	2	2	9	4
504	:	4	9	8	2	5	8
505	:	2	9	7	7	9	5
506	:	8	2	8	1	1	3
507	:	7	0	3	4	10	8
508	:	6	9	9	5	2	8
509	:	4	8	9	9	6	4
510	:	7	5	7	9	8	8
511	:	10	4	5	10	9	1
512	:	3	6	3	6	5	0
513	:	6	6	4	1	9	6
514	:	5	8	5	7	7	5
515	:	8	4	1	5	7	8
516	:	7	3	0	8	8	4
517	:	6	0	9	4	6	4
518	:	10	2	5	3	5	3
519	:	8	5	8	6	6	9
520	:	0	9	8	4	3	5
521	:	4	5	2	6	1	8
522	:	6	5	10	2	0	9
523	:	3	5	5	2	7	5
524	:	2	2	5	2	4	0
525	:	7	1	8	4	1	0
526	:	3	8	2	8	8	0
527	:	4	7	4	0	10	5
528	:	6	7	5	1	6	9
529	:	8	9	9	3	3	7
530	:	4	6	10	8	7	9
531	:	5	8	6	0	6	2
532	:	5	5	1	9	7	1
533	:	5	4	5	1	9	10
534	:	10	9	9	9	7	5
535	:	3	4	8	4	8	4
536	:	1	10	7	3	4	6
537	:	6	7	9	1	3	3
538	:	5	4	6	5	3	8
539	:	2	2	1	8	9	9
540	:	8	10	8	9	5	2
541	:	4	6	4	0	2	3
542	:	2	8	2	5	6	7
543	:	9	2	8	7	7	7
544	:	7	3	10	1	5	6
545	:	1	4	4	4	6	4
546	:	6	2	0	9	4	1
547	:	4	9	5	0	0	6
548	:	2	3	5	6	8	1
549	:	6	3	7	6	5	8
550	:	1	10	6	7	9	10
551	:	7	1	9	10	8	9
552	:	7	0	4	4	0	10
553	:	9	6	1	2	6	8
554	:	2	8	5	4	1	4
555	:	9	1	8	1	0	4
556	:	10	5	4	1	5	1
557	:	6	8	3	3	7	1
558	:	4	8	9	5	7	5
559	:	7	6	7	5	5	2
560	:	4	9	10	3	9	9
561	:	5	8	1	9	6	4
562	:	6	3	6	4	3	8
563	:	6	6	7	6	10	8
564	:	6	4	7	5	10	1
565	:	3	1	2	7	3	1
566	:	4	5	9	7	8	3
567	:	9	4	6	5	3	6
568	:	5	3	9	1	0	3
569	:	4	1	8	2	8	4
570	:	3	5	9	9	7	1
571	:	4	5	2	7	3	2
572	:	2	2	7	6	2	10
573	:	2	4	5	4	7	8
574	:	6	1	6	1	1	4
575	:	7	3	3	3	3	7
576	:	9	6	1	0	1	7
577	:	5	5	7	0	5	4
578	:	1	3	10	2	9	6
579	:	0	7	4	8	4	7
580	:	1	2	7	7	9	8
581	:	7	8	5	6	7	2
582	:	3	6	3	3	7	8
583	:	4	6	0	1	0	6
584	:	6	6	6	9	3	9
585	:	4	9	2	8	7	1
586	:	8	5	3	6	1	2
587	:	3	0	9	1	2	9
588	:	9	7	7	0	6	8
589	:	4	3	5	5	10	4
590	:	1	2	0	3	6	2
591	:	2	2	7	6	1	5
592	:	6	7	9	3	8	4
593	:	4	3	3	8	9	6
594	:	0	4	4	6	5	10
595	:	5	8	8	6	6	8
596	:	9	8	2	1	7	3
597	:	2	5	7	4	8	3
598	:	1	8	4	1	5	7
599	:	2	4	6	4	4	9
600	:	4	3	5	2	10	9
601	:	5	2	3	5	2	1
602	:	5	3	6	4	0	5
603	:	8	2	1	0	10	8
604	:	0	0	4	6	8	7
605	:	5	2	4	7	8	1
606	:	3	1	6	3	10	3
607	:	0	4	4	9	6	2
608	:	1	6	9	10	3	1
609	:	4	2	2	8	10	9
610	:	3	7	2	5	1	3
611	:	1	3	1	3	1	5
612	:	0	5	10	0	5	0
613	:	2	8	3	6	1	4
614	:	1	2	2	10	2	0
615	:	3	0	5	6	3	3
616	:	3	9	6	1	0	2
617	:	6	8	7	4	1	5
618	:	2	9	4	1	4	0
619	:	1	5	0	8	5	9
620	:	6	1	2	6	1	0
621	:	5	8	4	4	7	7
622	:	3	3	4	3	5	8
623	:	7	5	6	4	6	6
624	:	3	0	3	10	5	10
625	:	3	5	2	1	5	10
626	:	5	0	0	8	10	5
627	:	0	0	2	0	0	4
628	:	5	6	0	3	4	0
629	:	1	9	3	10	2	9
630	:	10	4	2	5	8	5
631	:	7	0	9	2	9	8
632	:	9	2	5	6	8	5
633	:	7	3	2	9	5	1
634	:	4	0	2	1	7	9
635	:	6	6	2	1	9	8
636	:	3	8	9	1	8	5
637	:	4	5	5	1	1	6
638	:	2	2	1	9	7	6
639	:	1	4	10	3	5	4
640	:	10	9	3	7	1	1
641	:	10	4	9	9	6	10
642	:	10	0	4	1	1	2
643	:	1	10	2	9	6	4
644	:	8	3	4	4	1	6
645	:	10	8	0	6	5	8
646	:	8	2	7	3	8	7
647	:	5	1	4	4	2	9
648	:	10	4	1	4	3	2
649	:	6	9	7	6	2	7
650	:	6	1	10	5	3	9
651	:	8	8	9	2	3	2
652	:	3	4	6	8	4	10
653	:	2	1	8	5	6	10
654	:	2	6	3	6	8	0
655	:	3	3	6	6	4	3
656	:	7	1	5	3	1	1
657	:	3	3	9	7	1	3
658	:	8	3	5	3	7	2
659	:	5	6	3	2	8	3
660	:	1	5	9	7	4	9
661	:	3	5	7	2	6	10
662	:	0	3	3	7	1	7
663	:	6	7	5	0	10	3
664	:	7	7	7	10	0	4
665	:	8	2	7	3	8	2
666	:	5	2	0	6	1	5
667	:	2	4	0	5	8	6
668	:	1	0	4	8	6	6
669	:	4	2	3	6	5	4
670	:	4	7	0	0	3	5
671	:	4	6	8	1	0	5
672	:	1	0	9	4	5	6
673	:	7	9	2	2	0	3
674	:	6	5	4	7	9	1
675	:	2	2	9	2	4	5
676	:	5	5	1	9	9	8
677	:	2	8	3	6	7	3
678	:	2	3	4	7	4	1
679	:	3	10	7	1	4	8
680	:	6	10	5	9	0	4
681	:	6	3	9	5	1	1
682	:	1	1	4	1	9	6
683	:	5	5	6	9	7	4
684	:	6	10	2	9	2	6
685	:	8	7	0	8	2	3
686	:	3	8	7	3	5	1
687	:	7	2	1	6	2	0
688	:	10	7	8	9	6	4
689	:	9	4	7	4	3	6
690	:	8	8	4	9	6	8
691	:	4	9	8	9	7	8
692	:	8	4	9	3	2	2
693	:	8	9	6	2	10	8
694	:	6	3	9	6	3	6
695	:	3	5	7	1	5	4
696	:	9	3	7	5	1	1
697	:	10	8	7	8	10	7
698	:	7	9	9	2	1	4
699	:	1	1	7	3	3	7
700	:	4	1	4	1	9	8
701	:	6	8	3	2	4	3
702	:	8	2	9	8	0	7
703	:	9	8	8	8	3	10
704	:	5	2	2	6	6	7
705	:	3	1	1	1	5	8
706	:	9	9	2	8	5	4
707	:	7	6	8	4	9	4
708	:	6	5	1	10	6	3
709	:	2	0	9	5	0	8
710	:	4	2	4	5	4	4
711	:	1	2	8	5	5	9
712	:	6	8	5	8	1	4
713	:	0	4	3	0	7	1
714	:	8	3	6	8	4	5
715	:	8	8	8	7	1	7
716	:	4	1	8	6	3	2
717	:	6	7	6	1	7	7
718	:	3	9	4	6	9	7
719	:	6	2	3	4	3	1
720	:	8	3	3	6	6	4
721	:	5	5	5	3	8	7
722	:	9	4	4	9	1	8
723	:	10	4	6	9	0	9
724	:	0	5	1	1	1	4
725	:	7	2	4	8	5	1
726	:	10	4	7	6	0	9
727	:	6	3	2	4	1	6
728	:	7	2	5	2	2	3
729	:	9	1	9	7	5	3
730	:	8	5	8	3	4	8
731	:	9	3	8	7	7	4
732	:	1	3	7	7	10	4
733	:	2	4	2	5	6	8
734	:	4	6	4	8	7	0
735	:	1	2	5	10	3	6
736	:	8	5	1	4	2	2
737	:	6	3	8	5	9	6
738	:	7	4	6	8	2	4
739	:	6	2	5	8	7	5
740	:	5	1	9	3	6	10
741	:	6	4	2	5	7	4
742	:	5	10	5	1	10	8
743	:	1	7	3	4	1	3
744	:	7	1	9	2	4	6
745	:	1	3	2	4	1	2
746	:	4	3	10	10	7	4
747	:	5	5	10	4	5	2
748	:	8	2	4	4	7	9
749	:	10	2	4	6	4	3
750	:	2	7	1	2	6	9
751	:	3	5	7	4	3	4
752	:	5	6	9	4	6	6
753	:	6	5	6	6	2	2
754	:	8	2	3	7	9	7
755	:	10	0	6	10	7	5
756	:	6	2	9	3	7	9
757	:	9	2	3	8	5	9
758	:	2	7	8	7	3	5
759	:	3	6	5	1	9	5
760	:	5	5	6	3	9	3
761	:	1	5	2	3	2	1
762	:	6	6	5	1	10	7
763	:	2	0	7	1	5	5
764	:	0	4	2	6	3	8
765	:	5	8	1	6	3	3
766	:	9	5	1	2	1	3
767	:	4	7	7	2	1	9
768	:	3	9	2	4	6	2
769	:	2	2	9	6	8	5
770	:	2	6	1	6	0	3
771	:	7	6	7	4	4	1
772	:	4	4	7	7	3	4
773	:	3	7	6	1	4	3
774	:	3	7	4	3	6	9
775	:	6	1	5	7	3	3
776	:	7	2	1	9	4	1
777	:	1	3	5	9	2	2
778	:	4	9	8	4	2	2
779	:	3	6	4	10	10	9
780	:	7	10	1	8	9	9
781	:	4	1	5	0	2	9
782	:	9	5	6	0	2	9
783	:	7	7	8	3	9	7
784	:	3	1	4	3	4	9
785	:	5	1	3	7	3	3
786	:	4	7	7	8	4	7
787	:	1	5	1	9	3	9
788	:	0	9	6	3	5	4
789	:	5	9	6	8	9	8
790	:	6	3	9	7	8	6
791	:	4	6	5	8	1	7
792	:	2	2	9	6	6	0
793	:	7	1	3	8	5	5
794	:	8	3	3	8	9	5
795	:	7	2	8	8	9	7
796	:	7	10	4	1	4	7
797	:	3	10	1	9	1	1
798	:	7	4	4	5	3	9
799	:	1	9	10	8	3	3
800	:	1	8	0	7	6	1
801	:	5	7	9	5	8	9
802	:	1	0	1	6	3	10
803	:	7	9	1	5	10	9
804	:	2	1	9	1	2	6
805	:	6	9	4	1	9	2
806	:	1	0	1	9	3	2
807	:	1	9	2	1	10	1
808	:	9	8	9	8	9	4
809	:	8	6	4	1	3	5
810	:	7	1	9	9	8	9
811	:	7	9	5	6	5	3
812	:	5	0	4	8	6	8
813	:	0	5	1	5	4	9
814	:	1	4	3	7	2	7
815	:	9	7	8	6	5	8
816	:	10	6	10	7	2	1
817	:	5	0	2	9	5	1
818	:	9	4	10	9	6	4
819	:	8	0	3	5	8	2
820	:	10	5	9	3	6	1
821	:	3	7	9	8	0	5
822	:	4	5	9	4	6	4
823	:	6	2	6	5	2	7
824	:	6	4	3	3	3	7
825	:	8	2	10	2	4	7
826	:	4	4	7	2	2	3
827	:	9	0	7	9	8	8
828	:	4	10	1	10	5	3
829	:	4	8	9	9	3	5
830	:	1	7	3	8	5	4
831	:	4	6	8	1	8	7
832	:	9	2	4	10	1	5
833	:	6	9	7	10	9	4
834	:	3	8	9	8	3	9
835	:	9	8	6	8	8	2
836	:	2	2	8	5	9	1
837	:	8	1	3	10	8	5
838	:	6	8	2	10	9	10
839	:	2	7	1	7	9	7
840	:	2	9	8	9	3	1
841	:	5	8	7	8	3	7
842	:	6	10	8	5	7	7
843	:	3	6	3	2	1	3
844	:	9	6	6	7	8	10
845	:	8	1	9	3	5	3
846	:	4	1	9	3	10	3
847	:	3	0	4	8	2	7
848	:	8	2	0	3	2	4
849	:	5	3	3	0	5	5
850	:	5	2	6	9	8	6
851	:	4	8	4	3	3	3
852	:	9	4	6	9	9	9
853	:	6	5	4	3	7	4
854	:	3	8	6	5	7	10
855	:	3	9	1	9	2	6
856	:	3	2	1	7	5	7
857	:	9	5	5	4	5	2
858	:	5	6	6	9	2	5
859	:	3	7	7	6	0	4
860	:	3	7	1	9	2	2
861	:	10	8	8	5	10	5
862	:	8	6	2	8	3	3
863	:	6	3	9	6	3	8
864	:	3	1	1	1	5	4
865	:	0	1	9	0	9	1
866	:	10	8	4	6	7	6
867	:	5	6	1	5	6	8
868	:	4	9	7	3	7	7
869	:	5	4	4	7	1	2
870	:	9	6	0	6	3	2
871	:	3	6	4	2	0	2
872	:	2	7	6	5	4	1
873	:	1	3	9	4	0	8
874	:	3	7	1	6	2	1
875	:	6	8	5	6	2	2
876	:	5	7	8	3	6	4
877	:	1	2	3	5	7	2
878	:	4	4	3	9	1	3
879	:	3	0	7	1	8	1
880	:	6	4	8	8	4	5
881	:	3	8	4	0	4	5
882	:	4	5	7	4	8	5
883	:	8	0	6	9	4	9
884	:	4	9	6	2	3	3
885	:	1	8	4	7	1	6
886	:	6	5	7	2	8	1
887	:	0	2	2	7	5	10
888	:	9	7	2	4	3	3
889	:	8	8	5	8	8	2
890	:	4	2	8	7	4	1
891	:	8	7	2	6	5	6
892	:	5	10	8	10	4	1
893	:	4	3	6	7	4	7
894	:	6	2	7	2	1	5
895	:	9	4	5	5	9	10
896	:	7	1	1	1	7	10
897	:	0	10	2	3	9	5
898	:	4	3	3	2	6	2
899	:	1	6	4	5	2	1
900	:	9	1	2	6	9	2
901	:	2	6	8	4	8	2
902	:	7	7	2	3	4	6
903	:	0	6	6	5	6	8
904	:	6	2	4	2	8	8
905	:	7	3	1	4	2	10
906	:	6	0	3	5	3	7
907	:	2	4	9	2	0	4
908	:	4	1	7	1	5	2
909	:	1	6	1	8	8	8
910	:	5	8	1	7	5	9
911	:	8	6	7	1	4	4
912	:	1	7	2	3	7	9
913	:	6	7	5	4	2	4
914	:	5	0	7	6	3	10
915	:	9	6	6	3	9	9
916	:	1	10	2	3	6	4
917	:	6	6	2	1	6	4
918	:	9	7	7	4	7	10
919	:	10	10	4	3	10	4
920	:	1	8	9	8	9	1
921	:	1	5	5	5	7	5
922	:	10	4	3	6	7	6
923	:	5	1	3	1	5	1
924	:	9	9	8	9	6	10
925	:	8	9	2	9	3	6
926	:	4	6	2	9	9	4
927	:	7	7	8	4	8	1
928	:	3	8	3	10	3	5
929	:	1	4	8	4	9	7
930	:	4	6	7	2	1	1
931	:	2	7	8	5	0	3
932	:	1	5	6	6	9	5
933	:	0	2	3	5	4	6
934	:	4	4	8	4	5	5
935	:	7	2	9	8	6	1
936	:	4	4	8	8	1	9
937	:	1	1	1	0	4	8
938	:	1	8	4	0	5	1
939	:	7	9	8	3	2	5
940	:	10	3	7	5	6	6
941	:	1	5	9	2	2	2
942	:	5	2	9	8	6	8
943	:	2	2	0	5	1	1
944	:	8	6	4	7	2	5
945	:	9	9	8	2	5	2
946	:	5	5	1	6	9	7
947	:	9	10	1	1	7	1
948	:	2	2	4	7	0	8
949	:	9	0	4	3	6	9
950	:	6	5	3	2	1	7
951	:	5	6	8	5	5	7
952	:	2	2	4	0	5	1
953	:	10	9	6	2	6	1
954	:	4	5	4	1	8	7
955	:	5	0	5	5	3	9
956	:	9	10	6	6	7	4
957	:	1	4	6	6	6	6
958	:	2	10	6	10	0	5
959	:	6	10	10	4	8	9
960	:	5	4	10	5	2	1
961	:	2	10	7	1	4	6
962	:	5	2	9	5	2	7
963	:	10	4	10	5	9	3
964	:	8	7	9	6	1	7
965	:	6	2	4	3	3	6
966	:	9	3	2	2	4	2
967	:	2	0	8	8	3	3
968	:	2	9	2	7	2	2
969	:	5	7	1	8	0	1
970	:	3	5	7	8	7	8
971	:	2	0	4	3	9	4
972	:	6	5	6	0	5	1
973	:	4	1	7	4	9	9
974	:	2	7	7	5	1	6
975	:	5	5	6	3	3	4
976	:	0	10	4	8	2	8
977	:	6	4	6	2	4	2
978	:	0	3	4	5	4	3
979	:	8	8	8	7	9	5
980	:	8	5	4	0	8	3
981	:	7	9	1	8	3	7
982	:	5	1	1	9	8	4
983	:	8	0	1	6	7	2
984	:	7	7	3	2	1	8
985	:	5	2	1	2	7	7
986	:	1	2	3	8	4	2
987	:	4	4	0	1	7	10
988	:	3	4	2	6	7	1
989	:	0	1	7	6	2	10
990	:	8	1	1	2	4	2
991	:	4	1	3	6	1	6
992	:	1	4	5	2	5	1
993	:	10	3	0	1	2	1
994	:	4	2	10	3	6	5
995	:	3	0	8	8	6	2
996	:	5	7	8	5	2	1
997	:	9	0	7	1	7	9
998	:	8	6	8	10	10	5
999	:	4	1	10	2	5	7
1000	:	9	2	9	8	7	3
1001	:	0	2	8	7	1	8
1002	:	9	7	9	4	9	0
1003	:	6	7	1	1	8	3
1004	:	8	2	8	8	0	9
1005	:	5	2	7	10	1	9
1006	:	6	8	3	1	3	1
1007	:	10	4	8	6	3	8
1008	:	6	1	1	2	5	0
1009	:	8	6	2	3	3	4
1010	:	2	1	6	7	9	6
1011	:	4	4	4	1	2	2
1012	:	4	4	7	0	6	8
1013	:	8	3	1	6	6	3
1014	:	10	7	1	3	7	6
1015	:	3	2	5	10	6	5
1016	:	0	7	7	4	5	3
1017	:	4	7	8	4	1	6
1018	:	3	7	6	6	8	7
1019	:	8	3	2	3	9	4
1020	:	2	9	7	9	5	8
1021	:	4	7	6	9	5	8
1022	:	8	1	5	4	5	8
1023	:	6	9	1	6	1	2
1024	:	4	8	5	4	10	5
1025	:	5	10	5	9	5	7
1026	:	2	3	7	7	4	2
1027	:	8	1	0	10	5	1
1028	:	8	2	3	1	7	1
1029	:	4	2	2	6	1	4
1030	:	7	6	2	9	8	3
1031	:	1	6	5	3	0	4
1032	:	7	9	10	4	9	7
1033	:	7	4	2	1	3	6
1034	:	7	4	9	8	6	3
1035	:	3	7	2	4	6	6
1036	:	5	2	3	2	1	6
1037	:	8	6	3	7	2	7
1038	:	6	6	7	4	4	10
1039	:	0	7	3	7	7	5
1040	:	2	1	1	8	6	7
1041	:	10	0	4	0	6	9
1042	:	2	3	0	3	1	3
1043	:	8	3	3	7	7	1
1044	:	9	3	2	3	5	5
1045	:	9	3	5	6	4	10
1046	:	6	6	8	6	3	1
1047	:	6	3	9	4	3	1
1048	:	1	0	1	8	9	1
1049	:	6	8	6	7	10	4
1050	:	7	5	7	6	7	0
1051	:	5	7	1	8	5	8
1052	:	1	2	4	0	9	8
1053	:	5	10	4	4	10	2
1054	:	5	5	0	4	6	8
1055	:	10	6	3	8	2	7
1056	:	8	1	0	2	8	3
1057	:	1	2	4	4	1	3
1058	:	0	6	3	0	7	1
1059	:	9	5	0	4	8	6
1060	:	1	8	3	1	3	6
1061	:	8	1	8	0	10	5
1062	:	10	9	3	8	6	10
1063	:	4	0	6	10	9	3
1064	:	8	3	5	6	1	5
1065	:	9	1	10	8	7	1
1066	:	1	3	9	7	5	6
1067	:	0	1	1	6	1	1
1068	:	4	10	7	6	8	8
1069	:	5	7	2	8	1	5
1070	:	9	4	2	7	5	4
1071	:	9	3	8	0	2	4
1072	:	1	6	2	2	3	5
1073	:	7	5	6	6	7	6
1074	:	0	7	3	9	0	1
1075	:	1	2	7	5	6	9
1076	:	0	8	8	3	4	0
1077	:	9	3	5	1	10	0
1078	:	6	2	5	1	4	8
1079	:	7	10	1	4	3	1
1080	:	6	10	10	3	2	3
1081	:	8	7	9	2	7	5
1082	:	7	6	6	7	7	5
1083	:	2	7	8	7	6	7
1084	:	10	5	3	5	0	9
1085	:	2	9	6	7	4	5
1086	:	6	7	7	7	9	2
1087	:	7	7	5	3	8	8
1088	:	0	7	4	6	3	6
1089	:	9	5	1	4	5	2
1090	:	2	9	6	7	5	7
1091	:	8	3	9	5	0	6
1092	:	1	7	6	10	7	4
1093	:	5	10	9	8	4	5
1094	:	6	7	3	4	7	3
1095	:	5	2	2	5	10	4
1096	:	6	4	10	3	8	8
1097	:	3	6	2	9	4	1
1098	:	4	7	8	4	2	0
1099	:	2	2	1	7	10	4
1100	:	7	0	0	2	10	4
1101	:	8	7	7	5	9	4
1102	:	5	7	9	8	4	5
1103	:	1	1	1	9	3	10
1104	:	0	9	5	1	5	6
1105	:	9	5	4	5	6	8
1106	:	0	7	2	8	5	9
1107	:	4	1	5	1	6	6
1108	:	3	7	2	8	9	4
1109	:	2	7	1	4	9	0
1110	:	3	6	6	1	1	1
1111	:	8	7	8	10	9	4
1112	:	3	2	9	6	1	4
1113	:	1	2	2	5	10	2
1114	:	2	1	6	5	8	10
1115	:	7	1	9	9	7	5
1116	:	2	3	1	1	5	7
1117	:	6	9	1	1	4	6
1118	:	9	7	7	3	1	9
1119	:	1	4	3	0	8	8
1120	:	2	7	6	7	7	7
1121	:	9	5	9	7	6	2
1122	:	5	2	2	4	6	7
1123	:	2	5	5	0	10	7
1124	:	10	9	7	10	4	2
1125	:	6	4	6	8	8	1
1126	:	5	1	1	3	8	5
1127	:	4	4	1	3	1	1
1128	:	10	1	10	0	9	9
1129	:	3	7	6	4	8	2
1130	:	6	7	9	4	10	5
1131	:	7	3	0	1	0	0
1132	:	9	4	9	5	5	5
1133	:	4	4	1	3	3	8
1134	:	5	9	8	6	1	2
1135	:	3	4	5	1	6	7
1136	:	4	7	2	7	6	5
1137	:	8	8	3	4	2	6
1138	:	10	7	1	3	7	10
1139	:	0	7	4	5	0	8
1140	:	2	6	7	7	6	8
1141	:	9	2	4	10	7	8
1142	:	9	8	6	5	9	6
1143	:	3	3	1	6	0	1
1144	:	8	1	7	10	9	9
1145	:	6	9	1	6	8	2
1146	:	9	5	0	7	5	7
1147	:	3	9	8	8	2	6
1148	:	8	10	4	1	1	6
1149	:	3	1	2	0	0	2
1150	:	2	8	7	3	10	9
1151	:	9	9	1	2	9	5
1152	:	0	7	7	5	1	7
1153	:	2	9	7	0	5	7
1154	:	0	5	3	2	2	9
1155	:	1	3	8	6	7	6
1156	:	3	10	6	2	4	8
1157	:	6	6	10	0	4	6
1158	:	2	3	4	9	8	9
1159	:	5	10	0	8	5	2
1160	:	1	1	7	4	4	9
1161	:	5	0	0	7	7	2
1162	:	5	5	6	1	3	5
1163	:	0	7	7	0	5	6
1164	:	4	7	0	7	8	9
1165	:	7	5	3	7	10	1
1166	:	9	7	8	8	2	8
1167	:	1	7	2	2	5	4
1168	:	2	9	9	1	10	2
1169	:	0	4	5	6	2	9
1170	:	0	1	7	8	6	10
1171	:	1	3	10	4	0	9
1172	:	0	0	3	2	4	10
1173	:	4	8	2	4	2	4
1174	:	1	7	7	7	7	9
1175	:	8	6	5	6	8	2
1176	:	2	1	6	6	7	2
1177	:	1	5	3	4	2	5
1178	:	2	1	6	10	9	8
1179	:	6	2	4	2	2	9
1180	:	3	1	7	1	1	6
1181	:	5	5	4	1	1	2
1182	:	8	7	8	8	7	6
1183	:	9	8	1	9	7	8
1184	:	7	1	10	1	1	1
1185	:	1	0	1	10	6	10
1186	:	0	6	5	8	6	8
1187	:	2	5	5	3	9	0
1188	:	2	4	7	10	2	3
1189	:	5	2	4	4	3	5
1190	:	1	0	5	4	4	0
1191	:	3	8	2	1	6	7
1192	:	3	7	4	3	2	4
1193	:	6	2	5	5	4	0
1194	:	9	4	4	9	10	4
1195	:	8	5	9	3	7	3
1196	:	9	3	7	3	9	1
1197	:	9	2	0	9	3	6
1198	:	1	2	6	4	8	9
1199	:	10	4	1	1	9	9
1200	:	3	3	4	6	7	1
1201	:	8	9	3	7	0	10
1202	:	8	2	6	7	9	6
1203	:	8	4	4	9	2	8
1204	:	9	4	10	3	5	9
1205	:	7	9	1	6	6	6
1206	:	9	6	7	4	5	7
1207	:	3	6	6	4	5	3
1208	:	5	2	9	0	10	2
1209	:	3	3	3	4	3	9
1210	:	4	5	2	5	10	2
1211	:	10	3	9	2	9	9
1212	:	8	8	9	6	5	7
1213	:	0	2	2	8	10	2
1214	:	10	6	1	7	9	10
1215	:	4	2	9	0	4	8
1216	:	4	1	10	3	6	7
1217	:	6	9	0	0	3	8
1218	:	0	7	6	7	0	1
1219	:	2	0	5	9	8	6
1220	:	10	9	7	10	8	6
1221	:	10	5	6	10	9	10
1222	:	9	9	9	6	3	5
1223	:	6	9	9	10	3	10
1224	:	5	2	1	1	3	3
1225	:	1	4	2	3	9	1
1226	:	10	5	9	1	5	7
1227	:	7	9	6	4	10	4
1228	:	3	10	9	8	3	6
1229	:	0	7	2	4	2	5
1230	:	0	9	7	3	2	8
1231	:	0	5	4	8	7	10
1232	:	10	10	7	9	7	9
1233	:	2	10	6	5	7	4
1234	:	2	9	5	2	0	10
1235	:	9	1	7	1	9	8
1236	:	0	2	2	6	8	5
1237	:	4	0	10	2	1	7
1238	:	9	4	7	4	7	0
1239	:	6	8	4	7	1	5
1240	:	5	2	3	6	4	3
1241	:	3	10	5	8	8	6
1242	:	6	7	7	1	1	5
1243	:	0	4	3	7	7	6
1244	:	2	4	2	7	3	0
1245	:	3	3	5	9	2	1
1246	:	3	8	4	4	9	2
1247	:	4	6	2	6	9	1
1248	:	2	7	6	8	3	6
1249	:	0	1	2	3	3	4
1250	:	3	3	10	4	8	1
1251	:	4	8	8	1	3	5
1252	:	10	10	1	7	2	0
1253	:	7	1	6	5	7	2
1254	:	1	0	1	1	4	8
1255	:	7	7	3	5	7	8
1256	:	8	5	0	1	1	4
1257	:	4	1	5	3	5	10
1258	:	3	4	0	0	6	2
1259	:	3	5	9	9	8	4
1260	:	8	7	4	1	3	6
1261	:	7	3	5	2	8	3
1262	:	3	4	10	2	8	8
1263	:	6	4	3	4	9	4
1264	:	3	9	4	10	8	9
1265	:	7	3	2	0	8	2
1266	:	10	3	8	10	3	1
1267	:	8	7	9	7	1	1
1268	:	3	4	7	10	4	10
1269	:	3	3	5	6	5	6
1270	:	1	8	8	8	4	7
1271	:	4	9	1	7	3	2
1272	:	1	1	5	8	7	6
1273	:	8	6	6	4	1	3
1274	:	5	0	1	3	9	5
1275	:	9	6	7	5	9	1
1276	:	2	8	2	8	3	8
1277	:	9	9	0	9	4	3
1278	:	1	1	6	4	9	2
1279	:	6	4	8	3	5	3
1280	:	7	6	3	8	4	1
1281	:	1	1	9	7	10	7
1282	:	5	8	1	3	5	9
1283	:	2	7	1	3	10	6
1284	:	0	2	9	4	5	4
1285	:	8	9	8	6	5	1
1286	:	0	6	9	6	7	3
1287	:	9	8	2	5	3	6
1288	:	0	1	3	5	9	6
1289	:	3	3	9	8	0	1
1290	:	8	1	3	9	1	4
1291	:	2	10	8	4	2	1
1292	:	8	4	1	8	10	8
1293	:	7	2	7	7	7	1
1294	:	8	4	10	1	4	8
1295	:	9	3	2	7	8	3
1296	:	0	2	5	4	4	1
1297	:	9	1	9	1	8	1
1298	:	1	7	0	5	3	5
1299	:	6	10	1	2	3	6
1300	:	4	1	7	8	9	3
1301	:	7	6	1	1	4	6
1302	:	4	9	3	1	1	10
1303	:	8	2	8	4	9	10
1304	:	3	7	8	6	3	6
1305	:	3	7	0	7	9	1
1306	:	5	2	2	3	1	3
1307	:	1	7	7	8	7	7
1308	:	2	2	8	2	0	3
1309	:	8	10	5	1	7	3
1310	:	3	3	3	2	8	3
1311	:	1	2	4	4	2	9
1312	:	3	8	3	9	3	9
1313	:	7	4	2	1	2	2
1314	:	5	7	9	9	2	5
1315	:	2	8	2	0	9	3
1316	:	7	8	2	2	0	9
1317	:	4	0	1	7	2	8
1318	:	10	1	3	6	4	2
1319	:	5	2	1	6	9	6
1320	:	3	2	3	10	7	1
1321	:	5	7	1	2	3	2
1322	:	4	7	2	2	1	10
1323	:	1	3	1	8	2	2
1324	:	6	4	0	3	5	6
1325	:	6	9	7	6	9	9
1326	:	9	7	9	9	2	3
1327	:	9	10	5	3	6	2
1328	:	0	6	9	8	8	3
1329	:	8	10	4	6	5	5
1330	:	8	7	8	4	10	2
1331	:	6	9	6	4	0	2
1332	:	2	2	2	1	0	9
1333	:	7	2	9	8	2	9
1334	:	5	1	6	2	0	5
1335	:	2	8	8	4	8	1
1336	:	1	4	2	0	8	8
1337	:	4	6	5	1	10	7
1338	:	3	4	9	0	4	8
1339	:	7	6	5	4	9	6
1340	:	5	9	10	4	4	4
1341	:	1	3	7	5	8	2
1342	:	6	1	0	9	1	9
1343	:	5	7	10	9	10	0
1344	:	1	9	10	8	6	7
1345	:	1	10	6	5	8	5
1346	:	2	7	4	6	4	5
1347	:	6	4	5	10	8	10
1348	:	5	7	1	6	1	8
1349	:	1	0	2	5	2	2
1350	:	10	0	2	5	10	2
1351	:	1	3	3	3	0	3
1352	:	2	10	4	10	6	9
1353	:	5	2	9	8	4	6
1354	:	7	10	6	8	5	9
1355	:	7	7	1	6	5	4
1356	:	2	4	1	2	6	4
1357	:	7	5	10	4	4	6
1358	:	7	6	1	5	2	1
1359	:	6	3	1	2	7	5
1360	:	7	4	8	8	4	2
1361	:	1	8	8	5	3	6
1362	:	7	7	7	9	7	0
1363	:	2	1	6	4	5	3
1364	:	1	2	9	3	2	9
1365	:	2	2	1	6	7	9
1366	:	7	1	7	8	2	5
1367	:	6	10	1	2	1	4
1368	:	2	5	7	9	0	9
1369	:	6	2	2	1	8	8
1370	:	8	2	3	6	3	6
1371	:	1	4	8	0	3	2
1372	:	4	1	8	9	10	2
1373	:	2	5	7	3	3	6
1374	:	8	2	6	7	8	4
1375	:	6	1	9	4	6	6
1376	:	6	10	4	4	6	4
1377	:	5	9	0	10	7	4
1378	:	1	6	9	4	3	10
1379	:	5	1	1	6	6	3
1380	:	6	8	7	6	9	0
1381	:	2	7	6	4	5	4
1382	:	8	0	6	5	8	4
1383	:	3	0	2	1	10	7
1384	:	6	1	3	9	3	6
1385	:	6	5	2	2	9	1
1386	:	5	10	2	7	7	3
1387	:	6	6	9	4	5	3
1388	:	3	4	8	1	8	6
1389	:	2	9	6	5	7	6
1390	:	2	7	9	9	1	7
1391	:	2	0	5	4	6	9
1392	:	10	0	3	4	9	3
1393	:	3	7	0	1	7	4
1394	:	7	9	8	10	5	3
1395	:	4	1	5	6	6	5
1396	:	2	7	9	0	5	7
1397	:	7	1	10	1	6	5
1398	:	7	8	8	5	1	3
1399	:	9	0	3	4	9	6
1400	:	6	9	5	2	2	9
1401	:	3	9	2	4	6	8
1402	:	2	7	10	1	4	3
1403	:	2	8	0	6	5	4
1404	:	7	5	9	8	7	9
1405	:	5	9	5	2	3	0
1406	:	2	1	2	6	4	4
1407	:	5	1	2	1	1	6
1408	:	3	5	2	7	5	2
1409	:	10	10	2	5	7	3
1410	:	2	10	8	8	8	9
1411	:	9	3	6	9	5	1
1412	:	9	3	5	7	10	2
1413	:	8	8	9	10	8	7
1414	:	5	8	6	7	3	3
1415	:	4	3	3	6	2	2
1416	:	8	5	4	4	2	9
1417	:	1	6	5	3	1	4
1418	:	8	9	4	10	3	1
1419	:	9	1	6	4	5	6
1420	:	7	1	2	7	8	10
1421	:	6	3	4	9	8	4
1422	:	3	7	8	2	6	7
1423	:	6	2	8	3	1	10
1424	:	7	0	4	5	3	9
1425	:	3	1	4	10	8	4
1426	:	4	8	7	1	4	6
1427	:	5	2	4	6	7	9
1428	:	3	7	1	2	7	9
1429	:	4	1	7	0	4	0
1430	:	9	1	7	3	6	5
1431	:	8	4	5	9	7	5
1432	:	2	2	3	10	3	7
1433	:	3	1	7	10	5	8
1434	:	2	1	1	8	7	7
1435	:	1	6	5	0	2	9
1436	:	7	7	3	6	5	2
1437	:	10	4	7	1	4	5
1438	:	3	9	4	10	6	8
1439	:	5	2	10	5	8	5
1440	:	1	9	7	8	4	2
1441	:	1	1	8	8	2	8
1442	:	5	1	5	2	1	2
1443	:	6	9	2	2	8	7
1444	:	9	4	4	5	6	10
1445	:	0	5	1	8	8	0
1446	:	9	2	9	6	1	7
1447	:	4	4	6	0	6	7
1448	:	5	0	10	2	2	1
1449	:	4	9	3	8	7	10
1450	:	7	4	7	7	7	10
1451	:	8	4	4	2	3	3
1452	:	5	5	1	1	8	1
1453	:	5	4	3	0	8	1
1454	:	6	3	4	4	6	7
1455	:	2	9	6	2	2	4
1456	:	2	0	7	5	9	3
1457	:	5	7	10	1	1	5
1458	:	3	4	8	9	5	10
1459	:	7	0	6	8	1	6
1460	:	5	7	8	4	6	4
1461	:	1	10	7	2	4	3
1462	:	9	4	9	4	1	8
1463	:	3	3	5	9	0	7
1464	:	7	8	1	8	10	10
1465	:	6	4	4	10	6	4
1466	:	10	8	1	3	9	6
1467	:	5	2	2	5	10	9
1468	:	0	4	10	4	5	0
1469	:	9	4	3	3	1	7
1470	:	1	9	9	4	1	3
1471	:	5	9	9	3	6	3
1472	:	10	3	6	7	9	3
1473	:	1	2	7	4	9	6
1474	:	6	7	3	6	9	3
1475	:	7	6	10	10	0	4
1476	:	5	10	6	1	4	9
1477	:	4	5	1	0	8	9
1478	:	1	5	9	9	2	10
1479	:	4	5	2	7	10	2
1480	:	1	1	5	9	1	0
1481	:	7	9	2	2	6	6
1482	:	6	8	1	2	10	5
1483	:	2	0	9	8	2	7
1484	:	2	3	2	7	3	7
1485	:	10	3	8	7	4	3
1486	:	7	0	6	9	2	7
1487	:	9	3	9	5	7	1
1488	:	10	6	3	2	4	2
1489	:	8	9	7	8	2	5
1490	:	2	8	2	2	7	7
1491	:	3	10	1	9	3	2
1492	:	7	4	9	7	6	1
1493	:	4	2	6	10	7	7
1494	:	4	4	1	2	4	0
1495	:	9	4	4	9	9	1
1496	:	3	4	0	2	3	2
1497	:	9	1	5	3	1	7
1498	:	9	1	3	5	8	7
1499	:	9	5	7	2	4	0
1500	:	5	6	2	9	8	4
1501	:	5	7	3	5	3	2
1502	:	1	4	4	9	5	5
1503	:	9	0	2	7	3	7
1504	:	9	8	4	8	3	7
1505	:	4	2	6	4	9	1
1506	:	2	7	1	4	8	9
1507	:	0	9	8	8	0	6
1508	:	8	7	3	0	4	4
1509	:	4	9	5	2	6	4
1510	:	4	9	8	1	3	4
1511	:	7	3	6	5	10	6
1512	:	8	4	5	3	4	3
1513	:	9	3	10	1	0	6
1514	:	7	4	5	3	3	8
1515	:	4	8	6	7	2	5
1516	:	2	3	7	8	1	6
1517	:	4	1	4	8	8	3
1518	:	3	2	1	8	6	5
1519	:	2	0	4	3	2	9
1520	:	0	3	5	3	3	2
1521	:	2	9	4	2	2	3
1522	:	5	2	3	9	3	7
1523	:	0	3	3	8	4	0
1524	:	5	4	6	2	4	6
1525	:	3	0	2	9	1	9
1526	:	8	7	5	0	0	7
1527	:	2	9	2	2	9	8
1528	:	2	1	7	3	9	5
1529	:	4	1	1	3	8	1
1530	:	4	3	7	9	2	3
1531	:	3	0	8	3	0	3
1532	:	8	6	2	2	6	8
1533	:	6	6	10	8	4	0
1534	:	5	7	5	5	3	3
1535	:	1	10	2	10	3	4
1536	:	5	6	7	1	3	1
1537	:	10	3	6	9	1	10
1538	:	5	3	2	8	9	2
1539	:	8	3	0	9	4	0
1540	:	1	2	1	3	7	6
1541	:	8	7	6	2	2	2
1542	:	8	9	8	6	8	4
1543	:	3	5	1	1	9	4
1544	:	5	6	10	4	4	0
1545	:	5	7	3	2	10	3
1546	:	0	10	1	2	7	0
1547	:	6	8	4	6	7	4
1548	:	3	6	6	5	5	4
1549	:	6	6	5	1	7	2
1550	:	1	8	3	9	3	7
1551	:	3	6	1	9	7	8
1552	:	5	0	9	8	9	9
1553	:	4	0	9	1	2	1
1554	:	3	1	5	1	1	10
1555	:	8	8	2	8	6	4
1556	:	7	5	1	6	6	1
1557	:	8	3	5	1	9	2
1558	:	8	1	5	6	3	3
1559	:	3	7	2	6	2	2
1560	:	0	3	3	8	7	2
1561	:	4	7	5	4	9	6
1562	:	5	1	10	3	1	2
1563	:	3	8	7	8	5	1
1564	:	4	9	8	10	1	7
1565	:	8	10	1	3	6	2
1566	:	0	9	0	6	6	2
1567	:	0	8	1	2	9	2
1568	:	9	9	2	6	9	0
1569	:	7	7	7	6	9	6
1570	:	1	4	2	6	7	6
1571	:	2	2	1	6	8	9
1572	:	8	0	1	2	5	2
1573	:	3	3	3	3	3	2
1574	:	6	6	9	5	7	10
1575	:	9	0	5	6	1	0
1576	:	9	2	9	8	1	5
1577	:	10	8	9	5	8	6
1578	:	4	5	6	2	3	5
1579	:	10	2	0	9	2	4
1580	:	10	3	6	1	0	8
1581	:	5	5	6	4	9	9
1582	:	1	3	3	1	4	7
1583	:	3	0	6	8	4	6
1584	:	8	3	6	4	9	3
1585	:	1	4	1	9	3	5
1586	:	7	5	4	5	7	0
1587	:	3	8	1	9	4	2
1588	:	5	5	8	10	7	1
1589	:	4	0	7	9	2	5
1590	:	9	6	5	0	3	4
1591	:	5	4	3	10	2	2
1592	:	9	7	7	10	10	10
1593	:	4	1	5	2	6	9
1594	:	9	2	10	9	7	3
1595	:	9	3	5	2	5	9
1596	:	4	8	9	7	1	5
1597	:	5	0	8	8	7	1
1598	:	9	7	5	8	3	0
1599	:	3	7	5	2	2	2
1600	:	7	2	5	5	3	7
1601	:	9	10	7	8	5	4
1602	:	7	3	2	10	6	6
1603	:	9	4	1	5	8	3
1604	:	5	2	3	3	10	5
1605	:	8	1	1	2	5	3
1606	:	9	9	4	9	10	1
1607	:	9	6	10	6	9	7
1608	:	5	4	6	1	5	7
1609	:	7	2	6	7	8	8
1610	:	9	1	5	9	8	2
1611	:	4	0	4	10	6	9
1612	:	3	6	3	4	8	10
1613	:	4	5	9	6	4	9
1614	:	3	6	3	8	3	7
1615	:	9	3	7	9	1	3
1616	:	9	8	9	7	7	5
1617	:	1	6	0	9	2	0
1618	:	7	5	3	7	10	5
1619	:	7	6	6	4	7	2
1620	:	5	9	0	2	10	2
1621	:	5	4	3	4	7	1
1622	:	2	9	10	8	3	3
1623	:	2	5	1	7	10	0
1624	:	2	3	10	5	8	1
1625	:	10	3	9	9	5	6
1626	:	5	6	7	7	1	8
1627	:	2	3	0	5	5	4
1628	:	8	3	1	6	0	4
1629	:	3	3	0	4	3	6
1630	:	7	5	6	10	9	1
1631	:	3	2	8	6	4	0
1632	:	6	6	10	9	9	3
1633	:	6	2	3	6	7	9
1634	:	4	1	4	5	6	2
1635	:	4	3	8	7	6	3
1636	:	9	7	3	0	5	5
1637	:	7	0	3	3	5	8
1638	:	5	3	7	0	5	3
1639	:	7	8	9	7	8	3
1640	:	10	6	8	2	1	1
1641	:	5	2	4	2	6	1
1642	:	9	5	5	6	8	1
1643	:	0	9	10	3	7	6
1644	:	3	10	3	7	9	3
1645	:	8	3	3	7	2	7
1646	:	9	7	8	7	4	1
1647	:	9	2	0	3	0	9
1648	:	5	7	6	9	1	3
1649	:	9	9	2	9	6	3
1650	:	5	1	5	6	4	9
1651	:	2	7	10	6	8	1
1652	:	4	5	1	4	6	1
1653	:	5	4	9	9	3	5
1654	:	6	2	5	6	7	10
1655	:	7	2	4	10	2	5
1656	:	1	8	7	9	6	0
1657	:	9	0	0	3	7	1
1658	:	0	7	6	3	7	4
1659	:	9	2	7	0	7	10
1660	:	4	1	8	8	1	1
1661	:	9	8	1	3	6	6
1662	:	9	3	3	9	6	8
1663	:	5	8	9	4	3	9
1664	:	9	7	10	8	1	8
1665	:	2	9	2	3	3	1
1666	:	3	8	1	2	6	8
1667	:	1	1	5	5	4	1
1668	:	9	6	5	4	3	0
1669	:	5	6	4	6	8	2
1670	:	0	8	0	7	8	8
1671	:	8	3	9	3	1	2
1672	:	2	8	6	1	10	2
1673	:	1	8	3	0	2	9
1674	:	3	8	7	3	6	8
1675	:	9	3	5	6	5	8
1676	:	5	7	3	3	0	0
1677	:	2	4	4	7	3	4
1678	:	4	4	1	6	3	9
1679	:	7	5	4	10	8	0
1680	:	0	9	4	6	1	7
1681	:	7	9	6	5	9	5
1682	:	9	9	1	9	4	10
1683	:	7	8	2	1	4	2
1684	:	1	8	5	6	8	6
1685	:	10	3	9	4	0	3
1686	:	5	2	1	6	6	3
1687	:	3	6	9	6	0	3
1688	:	8	3	6	7	5	8
1689	:	7	7	4	1	8	0
1690	:	4	4	5	4	8	6
1691	:	6	0	7	2	5	2
1692	:	10	5	7	3	9	10
1693	:	7	4	2	7	4	5
1694	:	9	0	5	9	3	7
1695	:	5	1	0	3	9	8
1696	:	0	3	8	0	8	10
1697	:	3	1	2	7	4	7
1698	:	9	10	6	1	9	9
1699	:	5	4	10	8	10	2
1700	:	7	5	9	0	1	4
1701	:	8	3	1	9	3	2
1702	:	6	4	9	6	9	1
1703	:	6	3	8	2	7	9
1704	:	5	5	10	9	2	5
1705	:	2	0	8	5	9	7
1706	:	1	2	9	5	2	1
1707	:	3	7	6	4	5	8
1708	:	2	4	2	1	5	8
1709	:	5	3	8	6	2	4
1710	:	1	3	6	5	3	5
1711	:	7	1	8	9	4	3
1712	:	7	3	7	8	10	2
1713	:	1	7	5	4	5	5
1714	:	8	1	2	6	9	4
1715	:	10	9	6	6	9	0
1716	:	7	4	2	6	4	5
1717	:	10	6	5	3	9	9
1718	:	9	3	2	10	9	9
1719	:	2	5	7	2	4	7
1720	:	5	5	6	0	1	9
1721	:	8	7	10	3	6	2
1722	:	1	9	3	2	5	5
1723	:	3	0	7	1	2	1
1724	:	10	3	1	9	6	4
1725	:	6	7	2	8	3	8
1726	:	7	6	6	8	10	2
1727	:	4	7	3	4	1	3
1728	:	1	6	9	8	1	9
1729	:	3	1	7	1	10	6
1730	:	4	4	1	4	4	9
1731	:	2	7	3	1	2	2
1732	:	1	2	6	9	5	10
1733	:	5	9	2	9	5	1
1734	:	0	8	6	8	9	2
1735	:	8	6	6	6	5	9
1736	:	4	8	10	8	1	1
1737	:	7	9	4	9	4	8
1738	:	9	8	6	8	10	8
1739	:	10	5	2	8	3	7
1740	:	6	2	6	5	8	10
1741	:	10	3	2	4	8	1
1742	:	7	4	7	6	2	2
1743	:	5	2	8	1	8	5
1744	:	1	2	9	10	3	6
1745	:	0	9	6	7	7	6
1746	:	1	7	8	10	9	6
1747	:	1	9	4	5	10	9
1748	:	7	6	8	2	6	1
1749	:	4	2	1	7	4	2
1750	:	4	8	0	4	1	0
1751	:	0	9	9	9	4	9
1752	:	9	9	7	9	2	7
1753	:	9	0	3	3	3	4
1754	:	3	1	2	1	2	7
1755	:	0	5	5	9	3	5
1756	:	9	8	9	3	0	6
1757	:	0	4	1	1	10	0
1758	:	5	8	8	6	1	2
1759	:	2	5	9	4	1	2
1760	:	8	8	7	6	9	0
1761	:	6	5	1	5	2	8
1762	:	4	7	9	5	10	2
1763	:	3	2	2	2	7	9
1764	:	5	8	8	2	4	0
1765	:	8	7	5	0	9	6
1766	:	3	9	5	7	7	8
1767	:	2	9	9	3	0	6
1768	:	7	7	8	1	2	1
1769	:	8	0	3	8	8	6
1770	:	2	2	1	9	4	8
1771	:	10	9	10	2	6	5
1772	:	4	7	3	3	6	6
1773	:	7	0	1	7	1	10
1774	:	6	4	7	1	8	8
1775	:	5	2	4	10	9	9
1776	:	5	7	3	9	10	7
1777	:	9	7	3	2	7	0
1778	:	0	2	2	4	9	1
1779	:	1	8	6	3	1	10
1780	:	2	4	3	3	8	5
1781	:	8	9	1	6	9	3
1782	:	5	2	9	7	8	8
1783	:	4	1	3	4	0	9
1784	:	7	4	2	2	10	9
1785	:	4	6	10	2	10	8
1786	:	7	5	0	3	7	4
1787	:	8	4	6	8	3	7
1788	:	6	1	8	9	6	8
1789	:	4	2	9	2	8	5
1790	:	1	4	9	7	2	5
1791	:	9	10	9	2	3	10
1792	:	1	7	8	2	6	10
1793	:	10	1	5	3	2	10
1794	:	2	1	2	6	2	3
1795	:	6	7	4	7	3	6
1796	:	3	2	5	1	8	6
1797	:	6	7	1	5	10	4
1798	:	6	10	7	1	6	9
1799	:	0	2	1	1	1	1
1800	:	7	4	9	8	3	7
1801	:	4	1	2	8	3	8
1802	:	8	6	5	10	6	10
1803	:	2	6	8	7	0	2
1804	:	6	3	5	5	6	2
1805	:	6	3	0	2	9	9
1806	:	6	6	6	8	8	5
1807	:	4	9	7	2	4	3
1808	:	1	3	8	3	3	3
1809	:	10	7	2	10	4	5
1810	:	2	9	6	3	2	1
1811	:	5	2	1	1	9	6
1812	:	9	2	3	1	9	2
1813	:	4	1	0	8	7	9
1814	:	6	1	5	10	5	4
1815	:	1	5	3	1	8	8
1816	:	1	7	0	2	5	1
1817	:	9	7	2	6	9	4
1818	:	7	7	5	2	4	0
1819	:	3	3	4	6	7	3
1820	:	3	10	0	0	6	6
1821	:	4	7	9	4	5	2
1822	:	6	8	3	1	3	1
1823	:	1	9	3	7	5	6
1824	:	2	2	9	7	8	9
1825	:	5	8	9	4	6	0
1826	:	5	4	7	5	5	5
1827	:	6	1	5	4	5	0
1828	:	7	4	4	7	9	0
1829	:	7	3	8	6	7	1
1830	:	3	0	4	8	6	7
1831	:	0	1	8	0	9	1
1832	:	2	10	0	8	0	9
1833	:	9	7	1	0	7	2
1834	:	6	2	2	7	7	5
1835	:	6	5	5	6	5	7
1836	:	3	2	9	3	4	7
1837	:	9	8	6	8	4	4
1838	:	7	10	3	10	3	5
1839	:	4	6	5	2	7	8
1840	:	0	6	1	6	8	2
1841	:	8	3	4	3	9	8
1842	:	5	8	0	3	6	5
1843	:	5	8	4	1	3	1
1844	:	1	8	4	3	0	8
1845	:	3	9	3	4	1	5
1846	:	9	1	4	7	9	0
1847	:	4	3	6	3	9	1
1848	:	1	7	3	8	4	7
1849	:	1	2	2	1	4	7
1850	:	6	2	3	5	0	6
1851	:	9	8	6	7	9	1
1852	:	3	8	4	2	5	8
1853	:	1	3	1	8	7	1
1854	:	2	5	9	9	3	1
1855	:	6	1	1	5	8	0
1856	:	1	5	4	8	5	10
1857	:	8	0	6	2	5	3
1858	:	1	9	6	8	7	4
1859	:	7	7	0	8	6	0
1860	:	2	4	10	7	6	6
1861	:	4	4	3	8	3	8
1862	:	4	7	3	2	8	5
1863	:	6	1	3	0	9	4
1864	:	0	9	5	2	0	1
1865	:	0	0	3	1	6	9
1866	:	9	8	5	2	3	3
1867	:	8	7	0	7	3	4
1868	:	1	2	3	7	4	4
1869	:	8	7	1	10	6	10
1870	:	0	10	7	7	5	5
1871	:	8	6	4	9	10	0
1872	:	1	5	1	6	9	0
1873	:	2	10	2	1	3	1
1874	:	9	2	9	7	4	4
1875	:	8	6	1	5	9	1
1876	:	4	9	7	6	6	3
1877	:	2	10	1	2	10	6
1878	:	4	8	10	7	4	0
1879	:	2	9	8	2	4	1
1880	:	5	2	9	6	10	2
1881	:	3	9	6	9	10	5
1882	:	10	9	1	4	9	7
1883	:	3	2	5	0	6	8
1884	:	3	8	8	5	5	6
1885	:	2	7	6	4	5	2
1886	:	1	0	8	8	2	5
1887	:	3	5	10	6	9	2
1888	:	5	1	3	7	0	10
1889	:	2	1	2	6	2	4
1890	:	7	0	9	6	5	5
1891	:	4	8	3	7	5	8
1892	:	6	6	10	8	2	1
1893	:	6	5	4	4	0	7
1894	:	9	0	9	8	3	3
1895	:	9	4	3	4	1	2
1896	:	1	9	9	7	2	1
1897	:	7	1	7	4	4	10
1898	:	2	9	3	7	0	6
1899	:	8	9	7	5	8	8
1900	:	5	2	3	3	5	5
1901	:	9	2	9	9	10	3
1902	:	8	10	8	7	6	6
1903	:	8	10	9	7	3	2
1904	:	5	10	7	1	1	0
1905	:	1	8	2	4	4	5
1906	:	3	1	8	2	5	6
1907	:	7	4	9	4	3	7
1908	:	4	3	1	8	8	4
1909	:	1	4	8	0	2	1
1910	:	1	1	2	9	3	6
1911	:	6	9	5	5	1	1
1912	:	7	8	8	6	5	2
1913	:	1	3	6	2	6	1
1914	:	10	7	2	7	4	5
1915	:	8	1	9	7	3	1
1916	:	7	4	7	7	9	5
1917	:	4	1	9	3	1	2
1918	:	8	4	6	6	6	2
1919	:	4	2	2	9	4	4
1920	:	0	1	3	4	3	5
1921	:	5	1	2	1	2	0
1922	:	2	7	6	5	4	0
1923	:	7	10	5	4	4	5
1924	:	9	0	10	9	0	2
1925	:	2	3	7	3	4	9
1926	:	9	4	7	0	4	9
1927	:	7	8	2	1	10	5
1928	:	10	1	4	9	9	1
1929	:	1	6	9	7	1	4
1930	:	10	3	5	9	2	1
1931	:	4	7	8	10	9	8
1932	:	10	6	8	1	4	3
1933	:	8	0	7	8	0	6
1934	:	2	7	5	7	8	7
1935	:	0	5	3	10	7	3
1936	:	0	3	7	6	6	7
1937	:	1	3	2	1	7	4
1938	:	5	8	4	6	6	10
1939	:	10	4	8	9	2	6
1940	:	1	9	7	9	2	6
1941	:	1	1	5	7	5	2
1942	:	4	5	0	4	3	2
1943	:	1	0	2	8	7	2
1944	:	1	6	2	2	7	8
1945	:	5	9	10	4	9	10
1946	:	7	6	10	1	2	7
1947	:	9	3	7	1	0	5
1948	:	1	5	1	0	6	8
1949	:	3	1	9	9	8	6
1950	:	2	1	7	1	6	6
1951	:	7	7	0	1	4	4
1952	:	3	4	6	8	4	7
1953	:	5	4	10	9	4	10
1954	:	6	3	8	8	9	0
1955	:	8	4	9	5	0	3
1956	:	3	9	1	6	10	2
1957	:	8	8	5	7	3	1
1958	:	2	0	8	5	8	6
1959	:	0	9	0	3	7	8
1960	:	10	10	10	6	1	7
1961	:	8	9	2	3	3	4
1962	:	1	2	2	3	8	4
1963	:	9	1	2	9	8	9
1964	:	8	1	3	8	3	5
1965	:	1	9	8	8	0	9
1966	:	5	9	6	2	1	8
1967	:	8	4	1	6	10	8
1968	:	2	5	2	10	2	7
1969	:	6	5	5	6	0	8
1970	:	1	1	5	9	0	8
1971	:	3	3	10	6	7	2
1972	:	8	5	4	1	2	7
1973	:	8	0	7	4	0	8
1974	:	2	2	8	4	7	6
1975	:	8	4	9	1	3	8
1976	:	8	7	5	1	3	2
1977	:	0	6	4	9	7	4
1978	:	5	3	1	8	7	10
1979	:	2	2	0	5	9	7
1980	:	3	8	1	7	8	9
1981	:	2	6	6	8	0	1
1982	:	3	7	7	4	0	4
1983	:	6	3	2	1	9	4
1984	:	3	2	5	5	1	5
1985	:	4	6	6	4	8	8
1986	:	8	4	6	9	1	7
1987	:	3	3	9	3	1	7
1988	:	7	7	0	10	3	5
1989	:	7	7	6	5	1	10
1990	:	9	9	4	3	7	2
1991	:	4	9	3	6	9	2
1992	:	1	9	8	6	2	9
1993	:	4	9	3	2	6	4
1994	:	7	7	2	6	9	2
1995	:	1	9	0	3	1	10
1996	:	8	4	4	4	4	0
1997	:	6	5	10	1	6	4
1998	:	9	2	3	1	1	9
1999	:	7	6	10	1	0	6
2000	:	7	5	8	3	0	0
2001	:	9	2	0	6	10	2
2002	:	0	10	1	2	4	5
2003	:	10	4	1	7	1	1
2004	:	9	4	0	10	9	4
2005	:	6	9	6	9	1	9
2006	:	3	8	0	9	5	4
2007	:	7	3	2	0	1	1
2008	:	9	4	9	5	6	5
2009	:	8	2	8	6	9	3
2010	:	5	7	10	8	8	6
2011	:	9	2	7	6	5	7
2012	:	0	5	0	4	7	2
2013	:	3	7	7	5	6	9
2014	:	1	6	9	8	3	3
2015	:	7	4	5	3	6	5
2016	:	9	10	5	7	4	3
2017	:	6	7	1	2	6	5
2018	:	6	4	7	0	0	3
2019	:	9	3	8	8	5	2
2020	:	7	1	5	1	9	10
2021	:	1	1	3	7	9	1
2022	:	6	9	1	6	1	0
2023	:	9	5	1	1	8	3
2024	:	3	9	10	1	1	5
2025	:	10	4	10	3	4	3
2026	:	8	3	7	3	3	3
2027	:	9	6	6	10	3	7
2028	:	10	9	4	6	6	0
2029	:	2	1	7	10	7	1
2030	:	3	7	2	2	6	10
2031	:	3	1	10	1	8	1
2032	:	7	8	1	4	3	5
2033	:	10	3	3	4	8	5
2034	:	3	1	0	9	4	3
2035	:	8	2	7	10	1	8
2036	:	4	0	0	3	7	4
2037	:	6	0	6	8	9	8
2038	:	9	8	7	0	5	5
2039	:	5	0	3	0	9	9
2040	:	9	10	6	2	3	7
2041	:	7	5	9	5	1	7
2042	:	3	4	8	2	4	6
2043	:	5	8	9	6	4	6
2044	:	5	0	3	9	4	1
2045	:	5	1	4	1	3	7
2046	:	8	1	3	3	5	1
2047	:	3	2	8	7	8	1
2048	:	5	9	1	7	6	0
2049	:	8	4	3	10	9	7
2050	:	9	3	7	2	2	5
2051	:	1	1	3	6	0	8
2052	:	7	8	9	1	8	2
2053	:	5	3	2	9	1	4
2054	:	9	9	5	5	3	3
2055	:	7	7	7	10	4	5
2056	:	3	1	10	4	7	7
2057	:	9	6	2	9	2	8
2058	:	9	9	4	2	3	5
2059	:	9	4	1	4	7	6
2060	:	2	6	1	5	1	1
2061	:	7	5	10	1	4	4
2062	:	4	1	0	2	6	7
2063	:	5	2	8	5	8	6
2064	:	4	8	6	2	7	6
2065	:	4	8	6	4	1	3
2066	:	9	3	7	5	5	3
2067	:	9	5	7	4	4	5
2068	:	3	6	1	6	2	6
2069	:	8	5	9	7	8	6
2070	:	4	1	6	4	10	8
2071	:	6	9	4	6	9	2
2072	:	5	8	7	8	5	4
2073	:	5	3	6	3	5	1
2074	:	7	0	5	2	5	6
2075	:	3	3	0	7	8	5
2076	:	4	7	8	8	4	2
2077	:	8	0	7	5	3	1
2078	:	8	6	6	5	6	5
2079	:	6	2	7	5	7	3
2080	:	6	5	6	4	6	5
2081	:	10	1	7	1	2	4
2082	:	5	1	6	4	9	3
2083	:	5	1	6	5	4	6
2084	:	1	0	8	6	1	8
2085	:	7	8	9	9	1	7
2086	:	4	9	2	6	5	8
2087	:	8	7	1	2	6	8
2088	:	4	5	4	7	1	4
2089	:	5	0	10	10	4	7
2090	:	3	6	4	2	4	3
2091	:	1	7	0	9	5	3
2092	:	5	5	9	7	3	3
2093	:	1	0	9	0	8	6
2094	:	4	8	7	8	3	7
2095	:	2	8	4	9	1	10
2096	:	1	5	7	7	1	3
2097	:	6	1	2	1	2	6
2098	:	9	3	5	9	5	7
2099	:	8	4	5	7	5	3
2100	:	9	2	9	6	3	6
2101	:	7	6	8	7	7	10
2102	:	6	10	3	0	6	1
2103	:	7	9	9	5	6	8
2104	:	9	5	10	4	3	3
2105	:	6	7	3	5	9	6
2106	:	2	3	5	1	9	3
2107	:	3	6	2	8	4	10
2108	:	7	6	9	2	10	2
2109	:	4	3	2	6	0	9
2110	:	3	9	7	5	1	4
2111	:	3	7	1	0	2	2
2112	:	5	10	3	3	4	8
2113	:	5	7	10	4	6	9
2114	:	4	7	8	8	10	1
2115	:	9	7	5	0	8	0
2116	:	5	7	2	9	0	7
2117	:	8	4	5	0	7	7
2118	:	8	4	10	1	4	0
2119	:	1	1	4	5	6	10
2120	:	5	9	4	8	3	10
2121	:	8	8	8	3	6	8
2122	:	5	4	3	4	8	4
2123	:	1	4	9	7	8	6
2124	:	3	3	0	1	5	9
2125	:	8	9	1	10	7	4
2126	:	9	9	0	9	1	3
2127	:	0	0	4	10	0	5
2128	:	10	9	2	7	10	6
2129	:	4	2	3	7	6	8
2130	:	3	5	3	9	4	8
2131	:	3	8	9	3	8	4
2132	:	2	4	5	3	1	8
2133	:	7	8	9	0	0	4
2134	:	7	2	5	8	4	7
2135	:	8	10	0	0	10	1
2136	:	1	8	1	7	8	1
2137	:	5	9	5	9	3	4
2138	:	1	4	6	2	5	4
2139	:	3	3	2	7	1	0
2140	:	3	4	6	9	8	3
2141	:	4	10	9	5	1	8
2142	:	10	1	9	2	4	2
2143	:	6	0	8	4	3	6
2144	:	4	8	3	6	8	9
2145	:	2	6	9	8	2	5
2146	:	9	9	5	5	3	8
2147	:	9	3	4	5	8	5
2148	:	8	4	6	2	8	0
2149	:	3	1	6	8	9	9
2150	:	6	8	6	4	10	9
2151	:	10	2	5	3	6	1
2152	:	1	10	1	0	9	3
2153	:	1	6	8	8	6	8
2154	:	7	1	0	7	8	5
2155	:	2	5	3	9	6	9
2156	:	4	1	9	4	6	4
2157	:	1	1	9	8	1	2
2158	:	4	6	2	1	4	9
2159	:	1	7	3	7	7	9
2160	:	3	5	3	3	9	1
2161	:	1	1	3	7	2	2
2162	:	0	8	7	0	4	5
2163	:	3	1	4	4	6	2
2164	:	4	1	8	7	9	6
2165	:	2	8	7	7	7	3
2166	:	4	3	2	5	4	5
2167	:	1	5	4	5	9	4
2168	:	1	8	4	2	9	3
2169	:	4	6	0	10	0	9
2170	:	9	10	1	8	0	3
2171	:	6	5	3	6	4	1
2172	:	8	8	3	6	5	7
2173	:	10	9	10	3	9	2
2174	:	5	5	2	7	9	2
2175	:	7	7	3	6	5	7
2176	:	1	9	5	3	3	6
2177	:	5	8	5	3	9	3
2178	:	4	9	2	6	3	4
2179	:	3	9	4	7	4	4
2180	:	3	3	9	5	7	2
2181	:	4	8	10	5	3	4
2182	:	7	3	8	8	3	4
2183	:	8	5	1	6	4	2
2184	:	6	1	0	7	7	5
2185	:	0	7	2	8	8	9
2186	:	1	7	4	9	10	9
2187	:	1	5	5	10	5	7
2188	:	4	9	1	5	3	10
2189	:	10	10	5	3	6	6
2190	:	2	3	1	9	0	2
2191	:	4	10	6	4	8	9
2192	:	7	4	4	5	8	7
2193	:	9	1	9	10	2	1
2194	:	7	5	7	2	9	9
2195	:	6	7	4	2	1	3
2196	:	9	0	0	4	9	4
2197	:	6	4	8	2	4	3
2198	:	6	7	7	1	0	8
2199	:	5	4	8	2	4	8
2200	:	1	6	2	8	4	9
2201	:	8	3	7	4	3	7
2202	:	7	10	5	7	8	3
2203	:	6	10	10	6	10	0
2204	:	7	2	3	1	5	4
2205	:	9	1	7	6	8	2
2206	:	9	2	8	5	7	7
2207	:	4	4	1	3	5	7
2208	:	7	9	7	4	7	6
2209	:	8	3	6	4	7	3
2210	:	8	2	5	5	1	8
2211	:	4	4	4	1	3	2
2212	:	6	0	1	7	9	7
2213	:	1	9	2	7	1	7
2214	:	9	6	0	1	3	4
2215	:	4	6	9	6	5	1
2216	:	9	9	7	1	5	5
2217	:	7	5	0	0	2	6
2218	:	7	7	8	5	7	8
2219	:	5	9	4	9	3	6
2220	:	3	3	2	8	8	10
2221	:	5	9	2	1	10	3
2222	:	4	3	10	6	1	2
2223	:	2	7	3	8	7	2
2224	:	1	9	1	10	5	4
2225	:	4	5	9	1	9	3
2226	:	8	5	3	5	8	0
2227	:	3	10	0	4	0	7
2228	:	2	5	4	1	5	5
2229	:	3	7	3	2	3	8
2230	:	2	3	9	5	2	7
2231	:	2	2	2	3	4	8
2232	:	3	7	1	9	7	2
2233	:	1	5	7	0	3	5
2234	:	4	2	4	3	2	8
2235	:	6	0	3	8	7	2
2236	:	8	2	5	1	3	2
2237	:	2	5	8	7	2	2
2238	:	7	3	4	1	7	4
2239	:	8	1	4	2	7	5
2240	:	5	7	7	2	2	10
2241	:	6	1	3	6	1	3
2242	:	2	8	3	2	1	2
2243	:	3	4	1	3	6	1
2244	:	4	6	9	0	5	4
2245	:	9	4	6	6	5	2
2246	:	5	1	2	8	9	6
2247	:	3	5	2	5	3	9
2248	:	8	2	6	2	7	2
2249	:	6	1	2	4	2	1
2250	:	8	6	8	4	10	0
2251	:	9	4	6	1	6	2
2252	:	0	6	3	7	9	1
2253	:	7	4	2	8	2	2
2254	:	1	9	3	4	1	4
2255	:	6	9	3	7	6	5
2256	:	7	1	4	3	2	2
2257	:	9	5	4	2	1	6
2258	:	5	6	9	10	9	5
2259	:	5	4	6	8	1	1
2260	:	8	2	4	7	4	0
2261	:	4	7	3	7	2	3
2262	:	4	5	0	9	10	8
2263	:	9	1	8	1	4	7
2264	:	9	7	10	6	6	2
2265	:	5	6	4	9	4	4
2266	:	7	10	3	2	7	4
2267	:	7	7	2	3	9	7
2268	:	2	5	1	3	4	2
2269	:	7	1	10	5	2	8
2270	:	9	7	7	7	9	2
2271	:	6	9	6	5	4	8
2272	:	7	3	6	6	4	4
2273	:	6	3	2	6	5	3
2274	:	1	6	9	2	7	4
2275	:	5	9	6	0	6	2
2276	:	6	6	7	9	4	0
2277	:	3	10	3	4	1	7
2278	:	9	4	6	3	6	6
2279	:	6	10	6	7	7	3
2280	:	6	0	3	8	8	6
2281	:	8	7	9	9	9	1
2282	:	5	6	9	5	5	3
2283	:	1	6	7	4	7	7
2284	:	3	7	10	1	10	2
2285	:	4	9	4	4	8	9
2286	:	3	5	4	9	2	2
2287	:	9	10	2	6	8	8
2288	:	9	9	4	6	0	8
2289	:	8	0	10	3	3	2
2290	:	5	1	1	2	7	0
2291	:	8	3	7	9	4	7
2292	:	7	9	9	2	8	0
2293	:	9	9	2	1	2	8
2294	:	9	10	0	2	0	0
2295	:	7	6	8	6	5	2
2296	:	9	0	2	8	8	3
2297	:	2	6	7	2	10	8
2298	:	3	9	1	6	2	9
2299	:	8	0	10	4	8	5
2300	:	7	0	7	4	8	6
2301	:	5	0	6	1	9	7
2302	:	10	0	3	5	4	6
2303	:	6	0	4	2	6	1
2304	:	3	5	1	7	10	5
2305	:	2	1	9	4	4	7
2306	:	6	2	2	5	9	1
2307	:	1	8	6	4	2	7
2308	:	8	6	3	7	5	9
2309	:	0	5	8	1	10	5
2310	:	3	3	4	2	3	10
2311	:	0	5	7	9	3	8
2312	:	9	3	2	4	6	6
2313	:	4	9	1	9	2	2
2314	:	0	0	7	4	4	3
2315	:	7	1	3	4	10	9
2316	:	5	9	0	6	6	5
2317	:	3	5	2	2	4	5
2318	:	3	7	6	2	4	8
2319	:	2	2	3	5	6	8
2320	:	6	9	2	9	1	4
2321	:	3	9	3	6	4	2
2322	:	4	4	3	1	10	3
2323	:	3	5	8	2	5	9
2324	:	10	10	8	2	5	8
2325	:	1	10	6	5	7	7
2326	:	4	10	2	3	2	7
2327	:	8	3	5	6	0	4
2328	:	6	9	3	8	0	6
2329	:	8	4	9	1	2	3
2330	:	3	7	8	1	6	6
2331	:	5	6	8	5	6	1
2332	:	0	0	2	6	3	0
2333	:	5	9	3	4	3	4
2334	:	10	10	8	1	3	8
2335	:	2	5	2	4	5	6
2336	:	8	8	2	2	7	5
2337	:	10	1	7	6	1	5
2338	:	5	1	8	6	4	5
2339	:	8	9	7	8	2	3
2340	:	4	3	7	3	3	8
2341	:	10	7	1	3	10	1
2342	:	6	2	3	1	0	8
2343	:	3	5	9	4	0	6
2344	:	1	9	3	6	2	4
2345	:	4	4	10	5	8	7
2346	:	3	6	7	9	6	1
2347	:	3	9	4	3	7	2
2348	:	5	9	4	1	6	2
2349	:	2	4	4	6	4	6
2350	:	6	1	5	1	3	2
2351	:	7	0	5	7	10	7
2352	:	1	3	1	5	5	2
2353	:	4	1	3	9	5	9
2354	:	4	6	5	1	5	3
2355	:	7	1	9	3	3	7
2356	:	9	0	5	9	8	8
2357	:	5	2	3	2	4	4
2358	:	5	2	2	8	10	8
2359	:	2	0	5	2	5	2
2360	:	10	1	2	9	3	8
2361	:	2	7	6	9	6	2
2362	:	9	8	4	9	1	3
2363	:	1	3	4	2	9	6
2364	:	2	6	7	5	2	4
2365	:	6	9	8	8	6	6
2366	:	9	0	7	10	8	1
2367	:	1	9	2	8	3	2
2368	:	10	0	5	8	5	2
2369	:	1	6	1	1	9	9
2370	:	1	9	6	10	9	7
2371	:	9	6	2	5	4	2
2372	:	1	1	4	3	9	9
2373	:	8	7	8	4	9	7
2374	:	9	3	7	9	9	5
2375	:	1	1	5	4	3	4
2376	:	7	9	4	7	7	10
2377	:	8	7	2	9	8	3
2378	:	2	10	2	6	3	2
2379	:	9	5	3	5	4	2
2380	:	5	5	2	9	7	2
2381	:	7	4	3	8	8	5
2382	:	8	8	5	2	5	5
2383	:	0	4	1	3	9	3
2384	:	0	1	7	2	1	2
2385	:	10	2	7	2	4	8
2386	:	4	8	6	3	3	6
2387	:	8	3	0	5	4	2
2388	:	7	1	0	3	9	6
2389	:	5	8	6	5	4	6
2390	:	5	1	8	8	8	5
2391	:	1	4	6	2	4	2
2392	:	8	8	8	2	7	6
2393	:	3	2	8	6	5	3
2394	:	7	5	6	6	1	9
2395	:	9	5	2	1	2	4
2396	:	4	4	8	1	0	8
2397	:	1	4	2	3	7	1
2398	:	10	5	2	2	2	3
2399	:	4	4	8	3	2	9
2400	:	9	4	4	5	6	7
2401	:	1	9	6	8	6	8
2402	:	7	7	4	2	2	3
2403	:	1	2	6	1	2	9
2404	:	7	3	3	6	6	5
2405	:	7	5	1	9	4	7
2406	:	10	9	9	1	3	0
2407	:	2	4	5	8	4	8
2408	:	10	7	8	4	8	2
2409	:	9	9	2	4	3	0
2410	:	6	3	8	4	0	8
2411	:	6	4	1	1	8	10
2412	:	4	10	4	1	6	4
2413	:	1	9	3	3	5	9
2414	:	9	4	8	6	5	9
2415	:	8	7	7	5	3	6
2416	:	8	8	8	5	6	6
2417	:	8	4	7	2	10	4
2418	:	8	0	1	1	6	2
2419	:	5	5	9	4	7	9
2420	:	1	8	7	4	2	4
2421	:	10	9	6	8	3	7
2422	:	5	1	5	1	4	4
2423	:	1	8	2	8	6	8
2424	:	10	4	1	10	8	5
2425	:	6	8	2	9	9	6
2426	:	10	0	4	6	3	7
2427	:	6	8	8	6	8	1
2428	:	5	4	2	9	0	10
2429	:	10	5	7	10	1	4
2430	:	5	9	10	2	9	7
2431	:	9	10	5	9	6	5
2432	:	6	7	0	4	3	10
2433	:	7	1	8	5	10	2
2434	:	8	8	1	8	5	5
2435	:	5	10	8	4	5	7
2436	:	6	1	1	10	10	8
2437	:	2	5	7	9	7	4
2438	:	2	1	7	8	9	10
2439	:	2	5	10	5	9	4
2440	:	9	7	2	6	7	7
2441	:	2	2	4	10	3	3
2442	:	4	7	4	2	10	10
2443	:	2	2	4	2	4	1
2444	:	6	9	1	7	8	8
2445	:	10	1	3	6	3	8
2446	:	7	5	5	4	8	4
2447	:	6	2	8	5	5	7
2448	:	4	5	3	7	0	10
2449	:	10	0	7	6	8	5
2450	:	7	1	8	10	5	1
2451	:	8	4	10	7	3	4
2452	:	0	8	6	5	5	1
2453	:	7	4	8	3	2	8
2454	:	3	2	6	7	10	1
2455	:	3	1	7	2	8	8
2456	:	0	6	7	0	6	10
2457	:	4	7	7	7	6	8
2458	:	3	9	7	8	7	4
2459	:	2	6	2	3	0	4
2460	:	9	10	9	0	3	9
2461	:	1	3	8	2	2	0
2462	:	6	5	5	7	1	7
2463	:	5	0	1	0	9	2
2464	:	8	6	8	1	1	6
2465	:	3	4	0	3	8	9
2466	:	7	1	7	9	7	3
2467	:	1	8	1	3	5	6
2468	:	1	0	10	9	3	5
2469	:	1	0	7	7	7	4
2470	:	2	2	8	3	6	9
2471	:	5	6	6	4	1	5
2472	:	6	2	5	6	2	2
2473	:	9	9	7	2	1	6
2474	:	9	2	2	8	7	6
2475	:	1	2	7	9	6	5
2476	:	0	8	7	8	7	4
2477	:	4	2	5	0	0	6
2478	:	6	9	10	5	6	0
2479	:	9	9	5	7	3	2
2480	:	7	10	8	9	1	7
2481	:	1	1	5	8	8	9
2482	:	2	9	2	4	2	1
2483	:	10	9	6	6	2	10
2484	:	3	1	7	6	10	2
2485	:	0	3	7	9	9	6
2486	:	5	1	1	7	3	3
2487	:	6	9	7	9	8	7
2488	:	7	10	10	3	3	6
2489	:	1	8	8	7	0	0
2490	:	5	5	7	1	3	1
2491	:	9	8	6	7	8	6
2492	:	3	7	4	1	4	3
2493	:	2	4	9	7	8	8
2494	:	10	9	5	1	5	9
2495	:	3	2	7	1	10	1
2496	:	3	0	4	7	7	6
2497	:	5	9	3	0	9	9
2498	:	8	5	1	5	10	4
2499	:	4	9	4	2	10	2
2500	:	0	10	6	1	10	8
2501	:	2	9	9	2	7	6
2502	:	2	2	1	9	6	8
2503	:	3	3	1	1	10	4
2504	:	2	2	1	4	2	5
2505	:	8	7	8	0	3	5
2506	:	4	3	4	7	4	1
2507	:	8	6	8	7	8	5
2508	:	5	3	2	6	2	1
2509	:	6	9	3	7	9	3
2510	:	5	4	9	4	6	9
2511	:	1	9	8	2	4	2
2512	:	6	10	9	8	9	6
2513	:	4	3	5	10	8	5
2514	:	7	8	9	8	2	8
2515	:	1	1	0	9	6	4
2516	:	3	1	7	3	7	7
2517	:	7	1	1	5	4	7
2518	:	4	5	6	5	6	10
2519	:	3	6	3	7	1	6
2520	:	5	8	10	8	7	5
2521	:	1	7	8	1	8	3
2522	:	5	4	10	7	9	4
2523	:	7	9	3	9	9	3
2524	:	3	9	9	5	5	0
2525	:	4	5	1	9	4	2
2526	:	1	3	4	10	0	1
2527	:	6	8	2	2	9	2
2528	:	0	1	0	2	7	6
2529	:	4	8	4	2	8	0
2530	:	4	0	8	8	2	2
2531	:	1	9	6	4	10	8
2532	:	7	1	2	5	5	2
2533	:	1	9	8	6	9	6
2534	:	6	8	1	1	5	0
2535	:	4	2	5	0	4	2
2536	:	1	6	9	10	10	3
2537	:	6	2	6	10	7	2
2538	:	6	1	7	7	10	7
2539	:	4	8	7	2	3	6
2540	:	6	4	9	10	3	10
2541	:	9	3	1	7	6	1
2542	:	10	3	8	6	5	9
2543	:	3	5	4	3	6	8
2544	:	1	1	4	6	6	7
2545	:	9	4	3	3	2	9
2546	:	2	2	4	0	8	7
2547	:	7	2	9	3	2	1
2548	:	10	2	1	0	5	9
2549	:	1	6	3	5	5	4
2550	:	0	6	0	9	5	5
2551	:	10	4	5	3	4	5
2552	:	5	1	2	7	7	7
2553	:	7	4	9	2	2	9
2554	:	9	9	9	6	4	4
2555	:	8	1	4	8	5	7
2556	:	3	1	4	4	8	9
2557	:	2	9	6	7	5	3
2558	:	8	2	8	9	4	4
2559	:	9	7	5	0	7	6
2560	:	2	0	4	9	1	9
2561	:	8	3	7	10	6	0
2562	:	2	4	3	8	9	4
2563	:	9	2	6	1	7	7
2564	:	10	5	1	5	4	5
2565	:	1	7	5	10	5	6
2566	:	8	2	1	2	9	5
2567	:	9	8	6	4	9	9
2568	:	3	9	3	9	7	5
2569	:	4	7	6	1	8	4
2570	:	7	8	2	0	10	4
2571	:	8	4	4	7	5	7
2572	:	4	3	6	8	10	5
2573	:	8	7	8	8	2	3
2574	:	3	5	4	4	2	3
2575	:	7	1	5	5	2	8
2576	:	2	4	3	1	9	8
2577	:	3	2	8	1	7	10
2578	:	0	3	2	9	4	4
2579	:	0	8	7	0	1	2
2580	:	4	9	6	10	9	1
2581	:	7	3	5	0	3	10
2582	:	4	7	8	3	2	5
2583	:	1	7	9	8	2	3
2584	:	3	8	1	8	6	2
2585	:	9	4	5	2	6	9
2586	:	10	5	2	7	9	5
2587	:	5	5	0	10	2	1
2588	:	0	9	1	3	1	6
2589	:	3	3	3	9	8	9
2590	:	9	6	10	5	7	1
2591	:	6	3	3	10	5	9
2592	:	7	6	5	9	0	0
2593	:	1	7	2	10	10	9
2594	:	1	6	1	9	7	6
2595	:	7	8	5	7	2	8
2596	:	2	0	0	7	4	2
2597	:	8	2	4	10	1	9
2598	:	2	6	5	7	5	2
2599	:	2	2	4	2	8	9
2600	:	9	2	8	4	2	2
2601	:	3	4	4	6	7	4
2602	:	9	3	3	1	4	4
2603	:	3	10	6	4	2	2
2604	:	8	3	7	2	9	1
2605	:	6	4	2	1	0	4
2606	:	1	1	1	1	4	8
2607	:	8	2	0	1	8	1
2608	:	3	3	8	2	2	1
2609	:	5	3	7	7	4	5
2610	:	9	8	4	2	4	3
2611	:	2	6	2	8	2	6
2612	:	1	9	7	7	0	8
2613	:	5	10	4	1	0	0
2614	:	3	0	6	8	8	9
2615	:	7	9	6	6	3	1
2616	:	1	2	6	7	8	10
2617	:	4	6	8	9	6	1
2618	:	8	2	10	1	10	1
2619	:	2	5	8	5	3	0
2620	:	9	3	0	9	6	5
2621	:	9	6	3	1	9	1
2622	:	7	3	6	1	9	0
2623	:	1	7	2	4	7	2
2624	:	1	3	4	4	6	3
2625	:	8	3	6	8	6	9
2626	:	0	7	9	9	3	6
2627	:	2	1	3	2	4	3
2628	:	4	7	1	3	3	5
2629	:	4	6	6	5	8	4
2630	:	9	10	9	7	9	1
2631	:	5	0	0	5	6	10
2632	:	4	9	1	8	5	1
2633	:	4	3	2	10	6	7
2634	:	3	1	9	3	9	7
2635	:	2	1	3	4	9	9
2636	:	1	3	2	9	6	1
2637	:	1	1	6	6	4	8
2638	:	4	9	9	10	3	6
2639	:	8	2	6	1	10	2
2640	:	1	2	1	0	5	9
2641	:	9	8	3	4	5	9
2642	:	2	0	2	8	0	5
2643	:	5	9	2	4	1	2
2644	:	6	5	6	7	8	8
2645	:	6	3	9	6	4	5
2646	:	3	8	7	9	6	4
2647	:	8	3	8	2	4	7
2648	:	7	4	9	0	8	8
2649	:	2	3	10	6	3	1
2650	:	5	3	9	0	3	0
2651	:	1	5	7	8	2	7
2652	:	3	5	10	4	1	9
2653	:	2	3	6	3	4	8
2654	:	1	10	8	6	3	2
2655	:	9	4	5	1	3	10
2656	:	3	0	6	5	3	1
2657	:	4	7	10	9	0	5
2658	:	0	1	9	9	10	1
2659	:	4	0	8	2	9	3
2660	:	5	0	8	6	5	4
2661	:	9	10	9	4	5	3
2662	:	6	4	10	10	5	2
2663	:	6	9	9	9	7	3
2664	:	3	1	7	4	6	8
2665	:	5	8	6	10	5	1
2666	:	7	4	4	3	5	0
2667	:	9	8	1	9	9	3
2668	:	1	6	6	1	8	1
2669	:	8	4	10	7	8	6
2670	:	10	6	8	7	6	0
2671	:	2	4	5	6	5	6
2672	:	10	8	2	5	8	6
2673	:	3	9	3	8	5	1
2674	:	7	8	3	4	3	1
2675	:	10	4	8	6	9	7
2676	:	10	8	8	4	5	3
2677	:	1	3	9	8	3	2
2678	:	2	5	7	10	2	3
2679	:	4	0	2	8	7	1
2680	:	6	2	2	5	2	5
2681	:	9	4	7	1	4	2
2682	:	7	2	3	8	10	9
2683	:	5	6	5	6	4	1
2684	:	9	9	1	3	9	9
2685	:	0	10	6	8	0	6
2686	:	2	2	7	7	8	7
2687	:	3	6	6	1	7	7
2688	:	9	2	1	9	2	3
2689	:	1	4	1	2	6	3
2690	:	9	2	8	0	8	3
2691	:	3	5	6	7	3	6
2692	:	6	2	5	2	0	1
2693	:	10	9	6	8	2	3
2694	:	8	6	5	5	9	4
2695	:	4	7	9	7	8	0
2696	:	2	8	9	2	1	7
2697	:	4	10	6	8	6	2
2698	:	3	6	6	4	3	7
2699	:	5	4	4	5	2	5
2700	:	7	8	7	0	8	5
2701	:	6	3	5	4	8	1
2702	:	7	6	9	10	5	3
2703	:	9	5	7	4	10	5
2704	:	5	6	5	4	8	2
2705	:	9	3	9	7	4	6
2706	:	3	9	7	9	7	7
2707	:	8	4	10	6	1	4
2708	:	1	4	8	7	2	7
2709	:	3	2	0	8	9	10
2710	:	5	1	5	6	3	6
2711	:	4	8	1	3	8	4
2712	:	7	4	6	2	10	2
2713	:	7	6	5	6	1	5
2714	:	0	10	2	5	6	3
2715	:	5	9	8	4	9	2
2716	:	8	8	4	7	7	0
2717	:	9	0	10	5	9	4
2718	:	6	1	7	1	8	8
2719	:	3	3	6	8	0	8
2720	:	0	6	8	5	7	1
2721	:	8	8	5	5	9	8
2722	:	2	0	1	4	5	9
2723	:	5	1	9	4	7	6
2724	:	2	0	2	9	3	6
2725	:	9	7	9	3	4	10
2726	:	0	7	7	4	3	8
2727	:	4	2	0	1	6	3
2728	:	5	1	8	3	1	6
2729	:	5	10	4	5	6	8
2730	:	5	9	3	1	5	0
2731	:	5	2	9	1	3	5
2732	:	10	1	9	1	3	3
2733	:	10	6	1	1	8	2
2734	:	3	1	0	2	1	4
2735	:	0	8	3	4	7	8
2736	:	1	1	1	6	4	2
2737	:	5	8	7	3	9	4
2738	:	9	0	6	0	3	4
2739	:	0	7	10	5	7	7
2740	:	3	7	8	4	6	3
2741	:	4	8	5	2	3	2
2742	:	5	6	2	1	2	9
2743	:	5	2	6	5	10	3
2744	:	6	1	7	10	3	2
2745	:	2	7	1	3	9	8
2746	:	7	3	0	4	7	9
2747	:	9	8	1	3	1	6
2748	:	0	2	5	0	1	6
2749	:	9	10	5	10	4	3
2750	:	8	10	9	8	5	10
2751	:	6	8	0	2	9	5
2752	:	9	7	6	8	8	1
2753	:	2	4	3	7	8	6
2754	:	3	9	0	3	9	1
2755	:	9	10	8	9	7	2
2756	:	5	7	1	5	7	0
2757	:	5	6	10	5	4	2
2758	:	9	5	10	1	7	1
2759	:	4	1	6	8	0	3
2760	:	4	8	6	8	10	9
2761	:	2	5	8	5	7	7
2762	:	2	5	4	4	5	2
2763	:	4	1	6	8	4	1
2764	:	9	8	2	9	0	2
2765	:	3	4	4	5	1	4
2766	:	1	1	5	1	7	7
2767	:	8	3	4	5	3	0
2768	:	6	10	3	3	8	3
2769	:	7	3	7	10	5	1
2770	:	9	3	6	4	10	2
2771	:	3	7	6	1	3	1
2772	:	8	9	2	6	4	0
2773	:	1	2	6	6	3	5
2774	:	8	5	8	5	6	3
2775	:	1	3	2	3	3	10
2776	:	10	9	3	1	8	10
2777	:	7	5	2	3	8	5
2778	:	0	3	6	2	1	2
2779	:	8	4	8	9	7	9
2780	:	4	5	6	2	9	2
2781	:	5	7	3	1	7	1
2782	:	6	8	8	1	3	4
2783	:	6	2	8	3	1	7
2784	:	1	9	7	9	5	4
2785	:	9	8	10	1	1	3
2786	:	8	9	9	1	0	4
2787	:	4	7	6	6	8	6
2788	:	10	5	4	9	7	7
2789	:	6	6	9	4	2	1
2790	:	7	2	1	7	3	4
2791	:	4	4	1	9	5	0
2792	:	6	2	2	10	5	4
2793	:	5	5	4	7	0	2
2794	:	10	0	2	9	7	9
2795	:	7	6	8	3	8	2
2796	:	0	2	5	7	6	7
2797	:	9	2	5	8	6	6
2798	:	7	7	8	2	2	9
2799	:	2	3	9	9	9	1
2800	:	3	8	8	8	2	3
2801	:	8	8	4	10	10	9
2802	:	1	8	5	4	5	5
2803	:	5	9	1	3	3	6
2804	:	7	2	3	2	3	7
2805	:	2	1	3	7	6	9
2806	:	8	2	6	3	7	8
2807	:	2	5	6	2	0	5
2808	:	8	3	7	7	0	9
2809	:	9	2	9	0	6	4
2810	:	8	2	1	5	1	7
2811	:	7	8	4	1	3	9
2812	:	1	7	8	10	6	7
2813	:	0	9	1	1	5	4
2814	:	8	2	7	6	2	7
2815	:	3	10	2	2	6	4
2816	:	5	4	9	1	2	2
2817	:	10	2	5	8	6	2
2818	:	0	4	4	1	2	6
2819	:	1	7	2	2	5	10
2820	:	5	2	4	2	10	7
2821	:	0	2	0	9	5	6
2822	:	7	9	6	4	7	8
2823	:	2	4	4	7	6	0
2824	:	2	2	10	0	8	8
2825	:	1	0	2	5	5	9
2826	:	3	2	6	9	3	5
2827	:	6	2	0	2	9	1
2828	:	3	0	2	2	7	9
2829	:	6	5	4	8	9	9
2830	:	4	8	5	9	1	4
2831	:	4	4	8	9	3	5
2832	:	6	9	5	6	6	1
2833	:	4	1	6	0	3	3
2834	:	5	3	7	9	6	1
2835	:	5	8	4	3	9	6
2836	:	2	6	5	1	10	7
2837	:	7	1	6	4	1	1
2838	:	3	1	8	8	4	9
2839	:	10	8	3	5	8	1
2840	:	7	6	5	4	4	10
2841	:	6	6	1	6	3	7
2842	:	7	8	5	9	4	10
2843	:	9	1	9	8	8	5
2844	:	4	8	0	2	4	6
2845	:	10	2	6	7	9	8
2846	:	0	5	2	6	5	7
2847	:	7	3	4	8	2	7
2848	:	7	5	9	8	9	9
2849	:	10	8	8	8	1	2
2850	:	8	9	9	8	7	3
2851	:	7	6	8	6	2	2
2852	:	9	4	5	7	4	1
2853	:	7	3	9	2	9	0
2854	:	10	7	9	6	8	0
2855	:	4	8	8	8	6	1
2856	:	0	7	1	5	10	2
2857	:	5	2	2	3	2	3
2858	:	3	5	1	2	0	4
2859	:	6	7	1	0	2	3
2860	:	3	1	7	3	4	1
2861	:	4	1	0	8	9	9
2862	:	5	0	5	4	7	1
2863	:	7	3	4	6	3	3
2864	:	5	8	9	4	7	7
2865	:	10	5	7	2	7	8
2866	:	7	1	2	8	5	1
2867	:	9	0	8	4	2	5
2868	:	2	2	5	4	7	0
2869	:	0	1	5	1	7	3
2870	:	3	8	1	7	7	1
2871	:	10	2	4	0	4	2
2872	:	7	1	5	8	3	5
2873	:	6	1	4	9	8	0
2874	:	3	8	10	7	7	6
2875	:	7	4	0	4	10	5
2876	:	6	3	3	1	9	3
2877	:	1	2	10	2	2	3
2878	:	2	5	5	3	7	4
2879	:	6	4	8	4	4	8
2880	:	1	8	5	6	6	4
2881	:	3	9	1	6	2	3
2882	:	3	3	3	5	3	3
2883	:	1	5	6	6	3	6
2884	:	7	10	2	4	3	9
2885	:	3	0	5	1	5	8
2886	:	7	5	8	5	5	3
2887	:	9	7	7	2	9	9
2888	:	1	5	3	0	3	0
2889	:	3	1	0	5	5	10
2890	:	9	1	1	9	6	10
2891	:	9	6	5	4	0	5
2892	:	9	6	1	3	0	5
2893	:	3	0	1	10	8	9
2894	:	6	6	4	1	4	2
2895	:	4	0	2	7	3	4
2896	:	0	1	5	1	4	1
2897	:	8	8	6	1	8	7
2898	:	7	7	4	1	5	9
2899	:	8	2	9	9	2	10
2900	:	5	5	4	8	0	9
2901	:	2	1	6	1	9	5
2902	:	8	4	3	1	4	4
2903	:	8	7	2	5	2	6
2904	:	1	5	3	3	6	7
2905	:	9	5	8	1	7	8
2906	:	10	4	8	9	4	4
2907	:	3	2	5	5	1	0
2908	:	6	8	7	3	3	9
2909	:	8	7	1	6	6	10
2910	:	9	1	6	0	7	0
2911	:	4	2	3	6	9	4
2912	:	5	2	6	2	3	4
2913	:	6	1	6	4	1	2
2914	:	0	3	7	0	4	8
2915	:	9	0	9	5	6	6
2916	:	1	6	4	4	6	6
2917	:	5	3	5	6	8	3
2918	:	6	6	1	0	0	3
2919	:	6	6	8	6	6	1
2920	:	4	7	2	5	7	4
2921	:	7	4	6	5	8	1
2922	:	7	7	4	9	7	2
2923	:	6	9	2	8	6	9
2924	:	7	1	3	6	2	6
2925	:	7	2	5	9	6	2
2926	:	10	4	1	10	3	9
2927	:	4	5	2	1	6	8
2928	:	2	4	2	4	10	9
2929	:	1	6	4	0	1	2
2930	:	4	2	2	3	4	7
2931	:	3	7	8	5	10	4
2932	:	6	8	2	4	6	7
2933	:	1	10	9	1	3	4
2934	:	4	5	7	2	5	1
2935	:	1	3	2	5	6	0
2936	:	8	9	1	2	5	2
2937	:	3	2	8	10	7	7
2938	:	8	0	4	3	8	9
2939	:	0	2	4	2	7	4
2940	:	6	10	2	10	1	2
2941	:	4	6	8	4	3	1
2942	:	8	2	0	2	10	7
2943	:	8	3	3	5	5	7
2944	:	9	5	8	2	6	2
2945	:	6	8	2	10	1	9
2946	:	8	2	10	2	9	6
2947	:	9	8	8	3	1	8
2948	:	3	0	4	7	9	3
2949	:	5	9	4	5	0	7
2950	:	5	5	8	5	0	6
2951	:	1	7	5	7	4	4
2952	:	3	0	6	4	2	6
2953	:	0	8	7	6	0	6
2954	:	4	8	6	7	8	8
2955	:	4	7	9	1	3	1
2956	:	10	6	2	0	0	8
2957	:	8	8	3	10	4	4
2958	:	10	1	3	3	8	9
2959	:	9	3	7	10	5	3
2960	:	9	5	4	0	2	1
2961	:	8	8	8	9	9	9
2962	:	4	1	6	2	9	5
2963	:	1	9	8	4	9	5
2964	:	9	5	2	8	8	9
2965	:	8	4	9	5	6	0
2966	:	8	8	4	4	8	5
2967	:	5	6	1	2	8	6
2968	:	0	7	7	9	5	2
2969	:	10	4	8	3	1	9
2970	:	7	6	4	1	4	7
2971	:	6	2	9	3	9	3
2972	:	3	10	9	5	2	5
2973	:	6	6	6	7	6	7
2974	:	8	9	8	7	4	8
2975	:	10	6	3	7	7	2
2976	:	3	2	10	0	7	0
2977	:	9	0	6	2	9	1
2978	:	3	10	10	3	6	9
2979	:	3	9	8	7	4	6
2980	:	1	7	2	8	1	0
2981	:	7	8	5	2	4	0
2982	:	1	8	10	1	6	10
2983	:	2	6	2	7	8	8
2984	:	1	8	2	8	0	2
2985	:	6	0	7	10	7	5
2986	:	5	8	5	4	7	1
2987	:	8	8	6	4	3	2
2988	:	5	8	8	8	6	7
2989	:	1	3	2	8	4	9
2990	:	6	3	3	0	5	5
2991	:	6	6	8	0	9	1
2992	:	9	3	5	8	9	9
2993	:	2	9	5	3	7	4
2994	:	3	3	4	2	1	4
2995	:	9	2	8	5	3	8
2996	:	4	7	3	10	3	0
2997	:	9	9	4	6	8	1
2998	:	10	5	9	4	4	8
2999	:	2	3	5	3	9	6
3000	:	2	1	0	8	9	7
3001	:	1	3	8	5	6	10
3002	:	9	3	1	5	1	2
3003	:	8	4	9	7	6	8
3004	:	3	8	5	3	2	3
3005	:	3	5	1	8	2	3
3006	:	4	2	6	4	3	8
3007	:	3	1	5	10	4	7
3008	:	1	2	3	4	9	4
3009	:	3	2	9	3	7	2
3010	:	2	0	5	7	2	9
3011	:	2	10	0	5	5	8
3012	:	1	0	5	6	2	1
3013	:	2	6	9	7	6	2
3014	:	0	3	0	0	10	8
3015	:	7	8	8	6	7	5
3016	:	8	7	3	4	6	5
3017	:	10	6	9	5	9	6
3018	:	3	7	3	5	1	4
3019	:	6	6	6	2	9	2
3020	:	2	6	3	7	10	6
3021	:	9	0	1	6	8	6
3022	:	5	10	6	2	3	8
3023	:	10	9	8	4	1	3
3024	:	1	0	1	2	2	5
3025	:	5	7	9	1	2	4
3026	:	1	2	4	8	1	1
3027	:	0	4	7	0	1	2
3028	:	2	6	4	0	3	1
3029	:	1	9	8	5	2	8
3030	:	9	8	9	6	3	2
3031	:	5	8	3	10	3	6
3032	:	8	8	10	7	8	9
3033	:	8	1	4	8	3	7
3034	:	6	4	9	10	9	3
3035	:	5	10	6	6	2	4
3036	:	7	4	8	1	6	5
3037	:	3	10	6	8	10	8
3038	:	2	7	0	8	8	8
3039	:	6	9	0	4	4	5
3040	:	7	6	9	7	9	3
3041	:	6	3	3	10	2	1
3042	:	2	6	4	9	6	7
3043	:	4	10	5	3	7	1
3044	:	5	7	7	1	9	5
3045	:	7	8	9	3	8	9
3046	:	3	7	7	4	4	1
3047	:	8	5	2	1	0	8
3048	:	6	9	7	8	7	3
3049	:	10	2	3	7	0	6
3050	:	3	8	1	5	6	0
3051	:	10	4	1	4	3	2
3052	:	2	7	6	6	2	3
3053	:	4	1	6	4	6	9
3054	:	3	2	5	5	0	8
3055	:	4	8	10	9	0	1
3056	:	2	4	8	10	10	1
3057	:	5	7	5	5	7	3
3058	:	6	5	7	0	10	3
3059	:	6	3	3	9	5	8
3060	:	1	10	10	3	7	8
3061	:	9	9	7	4	6	7
3062	:	6	9	2	3	1	5
3063	:	1	9	1	0	5	2
3064	:	2	7	4	3	3	2
3065	:	0	10	3	4	9	6
3066	:	9	2	9	4	1	6
3067	:	7	10	1	1	3	9
3068	:	5	1	1	3	4	2
3069	:	1	3	6	1	9	8
3070	:	9	2	0	2	4	1
3071	:	7	5	9	8	4	1
3072	:	5	9	8	1	5	1
3073	:	7	2	9	4	7	9
3074	:	3	6	5	7	6	1
3075	:	1	4	3	6	1	0
3076	:	7	7	1	5	9	6
3077	:	1	1	4	8	8	3
3078	:	9	8	3	3	4	2
3079	:	2	6	4	5	1	4
3080	:	1	3	2	0	1	1
3081	:	3	2	4	1	4	5
3082	:	5	1	10	5	7	5
3083	:	1	9	5	3	8	9
3084	:	5	0	10	4	8	8
3085	:	3	6	8	7	4	1
3086	:	4	0	4	5	8	6
3087	:	10	10	3	9	3	10
3088	:	5	2	5	4	10	10
3089	:	4	7	10	2	9	2
3090	:	7	4	2	6	7	2
3091	:	6	6	2	9	4	6
3092	:	5	7	3	5	2	2
3093	:	1	5	1	3	5	1
3094	:	2	9	2	7	6	7
3095	:	1	5	7	2	9	8
3096	:	4	6	4	9	4	7
3097	:	9	6	5	10	4	10
3098	:	0	6	5	8	6	3
3099	:	6	4	6	1	6	2
3100	:	4	6	10	5	7	5
3101	:	3	9	2	10	0	9
3102	:	9	1	4	5	7	3
3103	:	1	5	8	2	7	5
3104	:	4	10	6	4	1	8
3105	:	2	6	6	7	3	3
3106	:	4	3	6	6	3	5
3107	:	6	10	1	5	1	5
3108	:	5	7	3	0	4	6
3109	:	8	1	4	5	8	7
3110	:	7	10	10	7	5	4
3111	:	7	2	7	6	9	2
3112	:	9	6	5	10	5	2
3113	:	4	4	2	8	3	6
3114	:	0	6	4	4	3	4
3115	:	6	10	1	4	4	8
3116	:	1	9	8	5	7	9
3117	:	3	6	3	2	8	2
3118	:	10	2	10	2	7	0
3119	:	1	9	3	8	7	3
3120	:	3	5	7	7	9	8
3121	:	1	6	6	8	7	2
3122	:	8	7	10	0	1	6
3123	:	1	5	10	5	0	8
3124	:	3	10	7	8	1	5
3125	:	1	5	9	4	2	1
3126	:	9	6	2	2	8	3
3127	:	9	9	5	9	5	2
3128	:	7	8	3	9	4	7
3129	:	2	2	10	3	3	4
3130	:	0	9	3	4	1	6
3131	:	5	2	4	10	9	7
3132	:	1	0	10	6	4	1
3133	:	9	1	9	5	5	4
3134	:	7	5	9	7	0	8
3135	:	4	1	3	8	7	3
3136	:	7	5	10	3	7	0
3137	:	7	8	1	6	4	4
3138	:	6	2	2	2	3	0
3139	:	8	8	9	8	3	8
3140	:	9	7	6	2	2	5
3141	:	5	6	5	6	5	4
3142	:	9	6	8	5	4	0
3143	:	9	6	8	8	10	3
3144	:	0	8	1	5	7	1
3145	:	5	3	6	0	6	3
3146	:	10	8	0	4	5	1
3147	:	6	5	5	10	6	3
3148	:	3	9	8	2	4	1
3149	:	4	0	7	9	5	4
3150	:	4	6	3	9	8	5
3151	:	6	1	0	1	3	2
3152	:	1	10	5	10	8	1
3153	:	4	1	10	0	4	5
3154	:	0	8	4	8	10	3
3155	:	7	7	2	5	6	6
3156	:	6	9	6	8	5	1
3157	:	5	5	0	7	5	4
3158	:	2	6	6	3	7	2
3159	:	1	6	8	5	7	0
3160	:	6	2	8	4	8	4
3161	:	4	4	6	1	4	4
3162	:	6	3	9	2	6	7
3163	:	4	4	4	0	7	5
3164	:	2	4	1	6	1	4
3165	:	1	9	7	2	3	2
3166	:	4	4	2	8	1	0
3167	:	2	4	0	5	9	7
3168	:	1	10	9	7	8	3
3169	:	5	8	4	2	2	10
3170	:	4	0	9	6	9	6
3171	:	3	10	4	2	1	7
3172	:	2	9	5	4	3	9
3173	:	9	6	10	4	9	5
3174	:	9	7	7	10	8	9
3175	:	1	3	9	3	1	4
3176	:	4	6	6	10	7	4
3177	:	7	2	1	1	5	8
3178	:	9	2	8	2	0	5
3179	:	10	7	5	7	2	2
3180	:	4	9	0	7	5	3
3181	:	3	4	10	6	1	0
3182	:	4	3	4	3	0	7
3183	:	9	3	7	1	8	3
3184	:	10	3	3	9	9	5
3185	:	0	8	9	2	3	5
3186	:	9	6	1	8	7	1
3187	:	5	8	8	2	5	4
3188	:	2	6	8	3	9	6
3189	:	3	3	6	10	3	2
3190	:	9	5	5	4	1	5
3191	:	6	5	4	1	5	3
3192	:	7	3	6	7	2	5
3193	:	10	5	0	10	9	6
3194	:	4	9	1	7	3	5
3195	:	4	1	2	3	6	6
3196	:	4	0	2	8	1	3
3197	:	8	8	1	7	2	7
3198	:	8	1	7	3	6	9
3199	:	7	2	4	8	2	1
3200	:	5	3	4	7	9	2
3201	:	1	6	6	6	1	2
3202	:	4	1	3	5	0	6
3203	:	8	1	2	5	1	7
3204	:	6	0	2	3	1	1
3205	:	7	10	1	3	8	5
3206	:	6	8	8	7	3	7
3207	:	3	7	5	10	4	5
3208	:	7	4	9	8	1	9
3209	:	1	7	1	8	5	1
3210	:	3	0	7	10	3	9
3211	:	7	4	4	4	4	0
3212	:	3	9	6	8	3	1
3213	:	7	2	5	1	4	3
3214	:	9	3	9	6	0	7
3215	:	7	6	6	7	6	2
3216	:	5	7	5	2	4	2
3217	:	5	9	6	2	5	10
3218	:	7	9	6	4	4	5
3219	:	7	6	10	2	6	2
3220	:	1	6	6	9	5	8
3221	:	10	8	5	4	4	2
3222	:	9	8	9	1	1	7
3223	:	3	7	2	3	6	0
3224	:	9	8	4	2	1	5
3225	:	8	5	1	6	3	4
3226	:	9	1	0	9	5	8
3227	:	7	3	0	4	6	9
3228	:	10	9	4	1	2	3
3229	:	3	3	9	1	7	10
3230	:	5	8	9	9	5	7
3231	:	5	6	1	4	9	4
3232	:	7	1	5	8	8	0
3233	:	3	0	9	6	4	9
3234	:	4	4	1	2	2	2
3235	:	3	5	5	7	9	6
3236	:	0	4	5	3	3	7
3237	:	2	4	2	5	1	3
3238	:	1	8	7	3	6	1
3239	:	3	1	8	1	9	4
3240	:	8	5	4	3	7	7
3241	:	3	5	2	1	6	4
3242	:	1	10	6	5	8	5
3243	:	9	2	2	5	4	7
3244	:	4	0	10	9	8	8
3245	:	1	5	3	8	2	8
3246	:	7	10	8	3	5	7
3247	:	2	2	3	6	7	9
3248	:	0	9	8	0	2	3
3249	:	4	6	4	5	2	8
3250	:	1	4	7	4	1	0
3251	:	5	2	6	9	3	3
3252	:	1	2	9	7	8	9
3253	:	4	10	2	1	1	4
3254	:	2	3	7	7	4	4
3255	:	2	3	5	3	3	8
3256	:	8	1	10	6	7	5
3257	:	0	2	9	2	10	7
3258	:	5	8	10	1	5	8
3259	:	2	1	8	3	6	6
3260	:	10	2	1	6	7	2
3261	:	7	7	10	1	7	9
3262	:	9	0	6	4	5	4
3263	:	8	7	1	5	5	4
3264	:	6	0	6	1	7	5
3265	:	8	3	8	2	7	3
3266	:	2	2	4	4	8	4
3267	:	1	3	6	4	9	9
3268	:	3	4	2	10	7	3
3269	:	8	1	7	9	8	4
3270	:	7	2	8	6	10	6
3271	:	3	9	0	5	0	6
3272	:	6	8	3	2	8	8
3273	:	6	3	3	3	2	3
3274	:	9	3	4	8	4	0
3275	:	9	2	6	8	7	4
3276	:	5	2	2	1	2	9
3277	:	8	8	6	7	3	0
3278	:	9	5	9	4	2	8
3279	:	9	7	3	7	2	1
3280	:	5	5	2	4	1	8
3281	:	7	5	6	9	0	8
3282	:	6	4	3	5	5	9
3283	:	8	5	5	2	7	0
3284	:	4	9	4	3	2	1
3285	:	3	3	7	2	8	8
3286	:	9	10	9	8	5	9
3287	:	2	4	0	4	7	1
3288	:	6	0	9	4	5	8
3289	:	1	9	5	9	5	10
3290	:	2	5	2	7	3	3
3291	:	4	5	4	1	1	3
3292	:	5	8	6	3	7	3
3293	:	2	10	7	1	9	2
3294	:	6	4	4	6	4	10
3295	:	6	4	4	8	4	3
3296	:	6	2	8	3	9	9
3297	:	3	1	9	2	3	8
3298	:	5	4	6	7	1	1
3299	:	8	4	5	7	8	0
3300	:	5	8	1	7	2	8
3301	:	6	7	1	10	1	5
3302	:	4	7	5	2	9	7
3303	:	7	6	10	8	8	4
3304	:	4	1	8	3	9	4
3305	:	0	8	6	6	6	10
3306	:	6	3	9	2	9	8
3307	:	9	1	6	5	10	7
3308	:	1	2	3	3	2	5
3309	:	4	10	0	4	1	1
3310	:	7	4	1	1	8	9
3311	:	8	2	1	7	1	6
3312	:	9	3	7	5	10	8
3313	:	2	5	3	7	3	3
3314	:	8	7	4	1	6	7
3315	:	9	5	6	9	8	8
3316	:	3	2	1	3	3	4
3317	:	3	7	5	7	8	8
3318	:	1	8	5	0	7	4
3319	:	6	9	5	2	5	6
3320	:	10	6	10	2	2	6
3321	:	9	6	1	7	9	2
3322	:	3	8	8	7	4	1
3323	:	7	10	6	9	10	0
3324	:	9	7	3	8	5	4
3325	:	10	6	7	2	4	5
3326	:	3	9	1	4	0	1
3327	:	3	3	7	1	3	7
3328	:	8	8	4	9	4	0
3329	:	4	2	9	8	3	2
3330	:	2	2	1	6	10	6
3331	:	1	10	2	4	9	5
3332	:	3	2	7	7	8	7
3333	:	1	1	7	9	8	2
3334	:	4	1	3	4	0	9
3335	:	0	4	0	9	4	2
3336	:	6	0	0	3	1	1
3337	:	9	0	7	10	3	5
3338	:	10	7	5	9	6	6
3339	:	1	3	9	9	9	9
3340	:	4	9	5	6	1	0
3341	:	2	7	0	0	9	8
3342	:	1	1	4	7	9	2
3343	:	9	5	5	8	10	1
3344	:	6	8	0	6	4	5
3345	:	9	6	8	7	3	4
3346	:	4	4	10	1	9	3
3347	:	5	3	1	2	2	2
3348	:	5	7	5	9	4	2
3349	:	10	0	9	3	6	3
3350	:	2	4	10	10	2	3
3351	:	6	5	0	3	9	5
3352	:	2	4	9	1	6	2
3353	:	10	2	7	8	2	7
3354	:	5	8	7	5	8	8
3355	:	6	4	2	7	10	3
3356	:	8	7	7	8	3	5
3357	:	3	3	6	10	7	1
3358	:	9	6	4	2	5	9
3359	:	6	6	6	10	1	6
3360	:	7	10	5	3	8	2
3361	:	7	1	2	9	9	10
3362	:	6	0	9	1	9	5
3363	:	10	9	6	0	7	8
3364	:	8	3	0	3	3	7
3365	:	9	10	2	3	5	7
3366	:	9	1	0	7	9	3
3367	:	9	8	1	3	1	0
3368	:	4	4	0	7	4	1
3369	:	3	9	5	8	4	3
3370	:	7	1	3	7	4	3
3371	:	9	0	6	6	9	8
3372	:	1	6	8	10	6	7
3373	:	6	9	9	2	4	9
3374	:	0	7	7	0	9	7
3375	:	8	6	10	2	5	6
3376	:	2	6	3	1	0	7
3377	:	1	2	3	10	2	9
3378	:	6	1	8	10	5	5
3379	:	5	7	7	4	8	5
3380	:	2	1	4	1	7	8
3381	:	9	2	9	2	1	9
3382	:	4	7	5	5	4	3
3383	:	5	8	6	5	1	8
3384	:	7	5	9	4	5	7
3385	:	4	7	1	1	6	7
3386	:	8	3	5	1	3	8
3387	:	8	8	7	6	3	5
3388	:	2	7	3	9	3	2
3389	:	4	10	1	7	0	4
3390	:	2	9	7	1	9	6
3391	:	0	9	6	0	10	4
3392	:	6	8	5	10	6	10
3393	:	0	8	7	1	2	4
3394	:	9	5	8	7	8	8
3395	:	3	4	0	5	2	4
3396	:	5	3	0	8	7	2
3397	:	8	4	9	3	1	7
3398	:	4	9	2	5	3	9
3399	:	9	7	9	3	9	5
3400	:	8	6	3	9	10	7
3401	:	1	4	10	3	4	7
3402	:	1	5	6	4	3	7
3403	:	9	4	6	0	3	5
3404	:	1	9	8	1	9	10
3405	:	1	5	7	10	1	7
3406	:	1	6	5	0	9	1
3407	:	7	5	4	4	6	4
3408	:	10	4	8	10	4	6
3409	:	8	3	2	5	0	4
3410	:	4	9	5	4	10	2
3411	:	4	2	0	3	8	3
3412	:	4	10	0	3	2	7
3413	:	7	1	6	2	7	2
3414	:	0	8	1	1	3	0
3415	:	0	7	4	7	0	1
3416	:	2	5	9	1	4	4
3417	:	8	6	6	2	6	7
3418	:	3	5	1	6	2	0
3419	:	1	7	6	3	6	10
3420	:	2	1	6	3	5	0
3421	:	7	9	7	9	10	7
3422	:	6	2	0	7	2	7
3423	:	9	10	5	8	0	6
3424	:	9	0	9	7	1	5
3425	:	3	6	5	5	0	8
3426	:	5	6	7	9	7	8
3427	:	8	6	8	2	2	1
3428	:	2	2	5	6	5	1
3429	:	8	7	9	9	7	3
3430	:	9	3	5	5	6	10
3431	:	4	7	5	9	7	6
3432	:	7	7	10	3	6	10
3433	:	0	1	9	7	2	7
3434	:	6	5	8	10	4	3
3435	:	4	6	8	6	6	9
3436	:	7	4	4	6	7	6
3437	:	0	5	1	3	2	8
3438	:	6	9	5	5	6	3
3439	:	9	9	3	1	2	0
3440	:	6	6	9	10	8	7
3441	:	5	0	2	7	7	7
3442	:	9	2	8	0	8	2
3443	:	1	1	9	1	1	7
3444	:	9	1	4	1	1	4
3445	:	6	2	5	2	10	7
3446	:	5	9	2	3	4	8
3447	:	3	4	2	5	2	8
3448	:	5	5	4	6	9	2
3449	:	3	8	8	8	0	1
3450	:	6	8	0	9	1	8
3451	:	6	1	7	1	3	0
3452	:	1	5	3	4	9	6
3453	:	8	4	2	0	8	1
3454	:	6	4	3	8	4	0
3455	:	5	4	6	3	3	6
3456	:	5	0	0	8	5	1
3457	:	8	8	9	2	4	3
3458	:	8	6	2	3	4	5
3459	:	9	2	3	6	5	6
3460	:	0	8	9	4	6	8
3461	:	0	5	2	6	5	8
3462	:	8	1	6	2	0	2
3463	:	2	7	6	3	10	2
3464	:	8	8	5	6	3	0
3465	:	5	6	6	9	9	9
3466	:	6	10	1	3	8	8
3467	:	4	3	4	3	3	9
3468	:	3	0	1	3	6	10
3469	:	1	2	2	1	5	8
3470	:	4	4	10	5	6	5
3471	:	1	2	9	6	7	6
3472	:	2	7	4	10	2	3
3473	:	8	0	6	4	2	8
3474	:	2	10	6	4	0	6
3475	:	7	3	6	6	4	5
3476	:	9	8	4	0	2	9
3477	:	3	2	9	3	4	5
3478	:	2	0	4	9	1	0
3479	:	10	8	8	5	1	2
3480	:	5	5	9	0	4	9
3481	:	1	7	3	3	9	2
3482	:	1	8	8	5	9	1
3483	:	6	8	3	7	6	1
3484	:	3	1	2	1	5	3
3485	:	6	4	9	2	1	3
3486	:	3	9	0	2	7	3
3487	:	7	4	4	7	6	8
3488	:	6	7	8	2	10	10
3489	:	7	4	6	0	5	2
3490	:	8	2	3	2	4	7
3491	:	7	9	1	3	2	10
3492	:	9	7	6	5	7	3
3493	:	3	6	8	1	10	7
3494	:	1	7	3	2	7	3
3495	:	3	2	1	3	6	9
3496	:	4	5	6	7	7	5
3497	:	3	4	0	9	1	1
3498	:	2	2	5	7	4	10
3499	:	2	4	10	1	1	8
3500	:	10	4	6	7	1	7
3501	:	7	8	3	6	6	6
3502	:	9	8	2	2	2	0
3503	:	7	2	4	10	8	8
3504	:	8	4	3	2	1	9
3505	:	5	8	0	8	9	3
3506	:	7	4	0	6	10	2
3507	:	6	1	8	1	9	1
3508	:	5	1	9	10	6	1
3509	:	6	0	6	8	2	10
3510	:	4	2	3	1	8	10
3511	:	3	9	5	3	3	5
3512	:	6	7	4	9	3	1
3513	:	5	8	6	0	5	5
3514	:	8	5	8	3	8	5
3515	:	5	7	5	10	4	9
3516	:	4	4	2	2	5	3
3517	:	1	7	5	4	6	0
3518	:	8	7	3	5	6	4
3519	:	2	4	2	1	7	1
3520	:	1	8	0	4	3	6
3521	:	8	3	0	2	6	4
3522	:	9	3	3	7	5	8
3523	:	1	8	1	5	0	0
3524	:	1	4	4	5	1	2
3525	:	10	2	9	3	5	2
3526	:	2	3	5	9	7	8
3527	:	7	2	4	8	7	1
3528	:	8	7	1	7	6	9
3529	:	5	3	6	5	1	9
3530	:	9	6	8	7	3	4
3531	:	2	1	9	3	7	4
3532	:	6	6	5	8	8	2
3533	:	9	5	3	8	1	10
3534	:	1	4	4	1	2	5
3535	:	3	7	0	3	1	5
3536	:	6	1	8	4	9	9
3537	:	5	2	2	2	8	4
3538	:	7	7	8	8	8	0
3539	:	9	5	3	1	2	5
3540	:	2	3	2	0	4	2
3541	:	8	5	0	8	7	6
3542	:	6	9	4	1	7	5
3543	:	6	3	8	9	3	5
3544	:	10	2	1	6	7	0
3545	:	8	7	6	8	10	5
3546	:	6	7	10	2	7	4
3547	:	7	4	1	5	1	7
3548	:	4	3	1	7	5	4
3549	:	8	7	6	0	0	6
3550	:	6	9	2	4	1	9
3551	:	5	9	1	3	3	7
3552	:	6	5	1	8	2	2
3553	:	6	5	6	3	3	5
3554	:	5	9	1	7	6	8
3555	:	0	8	5	4	0	8
3556	:	9	5	4	2	9	9
3557	:	5	4	6	9	0	8
3558	:	4	2	4	6	3	1
3559	:	6	1	9	5	7	1
3560	:	3	3	1	3	1	7
3561	:	2	0	2	2	9	3
3562	:	6	6	6	0	3	2
3563	:	3	1	2	6	2	8
3564	:	10	9	1	5	1	1
3565	:	3	4	8	9	7	8
3566	:	8	4	6	8	6	7
3567	:	2	9	8	7	3	7
3568	:	3	0	7	6	6	6
3569	:	9	6	5	8	9	0
3570	:	6	6	2	1	4	1
3571	:	3	2	7	5	6	5
3572	:	10	4	0	8	5	8
3573	:	1	8	6	2	5	0
3574	:	4	3	3	8	2	9
3575	:	2	2	8	8	3	9
3576	:	5	7	4	3	6	7
3577	:	2	6	9	1	3	0
3578	:	6	4	2	8	3	1
3579	:	2	5	4	0	2	1
3580	:	6	1	4	10	7	6
3581	:	1	5	3	2	9	8
3582	:	1	3	1	3	2	2
3583	:	2	4	10	0	9	9
3584	:	9	7	5	5	10	0
3585	:	0	4	7	6	0	9
3586	:	4	4	2	9	4	7
3587	:	3	1	0	3	9	9
3588	:	8	1	9	8	9	2
3589	:	2	2	3	9	6	2
3590	:	4	4	3	10	8	6
3591	:	2	0	3	3	4	3
3592	:	4	3	2	1	6	7
3593	:	8	4	8	6	4	8
3594	:	2	1	9	0	8	1
3595	:	8	7	5	1	3	0
3596	:	7	8	1	3	10	7
3597	:	6	4	4	6	2	8
3598	:	6	4	5	7	4	5
3599	:	1	3	5	7	6	3
3600	:	4	5	2	9	0	9
3601	:	3	8	4	5	8	1
3602	:	6	5	10	5	7	10
3603	:	3	3	0	4	6	4
3604	:	1	0	6	2	4	1
3605	:	7	9	3	2	0	8
3606	:	2	10	5	8	9	5
3607	:	0	7	2	10	2	1
3608	:	6	4	10	9	0	4
3609	:	9	8	10	7	8	4
3610	:	1	6	5	3	0	8
3611	:	9	1	2	5	3	5
3612	:	4	1	4	9	5	8
3613	:	9	9	1	7	4	5
3614	:	2	6	6	4	3	3
3615	:	3	7	5	8	0	8
3616	:	8	0	1	8	5	10
3617	:	4	3	9	7	10	9
3618	:	3	8	8	1	10	8
3619	:	7	2	7	7	7	9
3620	:	6	2	6	0	4	3
3621	:	5	8	8	1	7	8
3622	:	7	6	6	9	9	0
3623	:	5	4	2	7	1	6
3624	:	8	7	7	9	2	1
3625	:	6	5	4	3	8	8
3626	:	3	8	5	7	7	0
3627	:	1	6	2	3	4	5
3628	:	2	2	9	4	2	4
3629	:	8	4	1	9	5	4
3630	:	2	0	4	9	8	3
3631	:	4	4	3	9	10	6
3632	:	8	4	3	7	3	8
3633	:	3	9	1	6	3	3
3634	:	10	1	3	5	4	5
3635	:	2	6	7	3	9	4
3636	:	6	2	6	7	7	10
3637	:	7	5	0	0	2	6
3638	:	8	6	8	8	5	1
3639	:	0	4	4	10	1	5
3640	:	9	1	10	1	10	6
3641	:	4	7	8	4	1	3
3642	:	2	1	2	4	9	4
3643	:	1	3	10	7	2	1
3644	:	5	7	5	3	2	7
3645	:	6	3	9	5	8	7
3646	:	3	0	2	2	5	2
3647	:	6	9	1	0	6	0
3648	:	10	5	10	9	5	9
3649	:	6	3	8	1	9	1
3650	:	3	6	7	10	1	9
3651	:	5	1	6	8	7	2
3652	:	1	3	4	7	2	0
3653	:	7	8	1	6	7	3
3654	:	10	7	7	2	7	0
3655	:	1	8	6	2	4	9
3656	:	2	7	1	8	6	1
3657	:	9	1	3	3	4	6
3658	:	10	3	1	10	0	7
3659	:	7	3	5	9	4	5
3660	:	3	0	8	4	2	3
3661	:	1	1	3	6	3	8
3662	:	1	5	3	0	9	3
3663	:	6	0	4	9	1	8
3664	:	1	10	8	8	9	3
3665	:	1	7	8	2	2	6
3666	:	2	8	7	1	6	6
3667	:	8	9	5	8	4	4
3668	:	3	7	8	7	0	7
3669	:	8	5	7	2	7	7
3670	:	8	2	3	7	9	10
3671	:	4	5	7	4	3	9
3672	:	5	9	8	3	8	7
3673	:	7	4	6	9	4	5
3674	:	6	5	3	3	7	1
3675	:	3	5	0	1	1	3
3676	:	5	7	2	9	3	6
3677	:	2	10	1	1	3	2
3678	:	5	3	1	4	5	5
3679	:	7	8	5	1	6	0
3680	:	4	6	5	4	4	10
3681	:	1	0	6	10	9	2
3682	:	7	5	1	8	10	1
3683	:	2	2	6	5	9	3
3684	:	5	6	4	1	1	3
3685	:	7	2	6	1	6	4
3686	:	3	4	3	4	4	2
3687	:	7	8	6	1	4	2
3688	:	3	6	4	9	2	7
3689	:	8	4	5	4	6	7
3690	:	9	7	4	1	4	1
3691	:	2	6	9	4	6	1
3692	:	4	5	8	2	4	1
3693	:	3	4	9	6	8	8
3694	:	2	4	1	7	6	3
3695	:	3	4	8	9	5	2
3696	:	1	6	6	7	7	2
3697	:	5	5	1	2	0	1
3698	:	5	8	8	2	6	6
3699	:	6	0	4	3	0	1
3700	:	8	3	4	3	2	1
3701	:	8	4	5	0	2	1
3702	:	8	8	10	6	3	0
3703	:	3	7	4	1	7	9
3704	:	5	3	7	5	9	10
3705	:	7	8	7	8	3	3
3706	:	10	2	8	7	10	1
3707	:	6	0	4	6	6	9
3708	:	10	5	6	6	3	10
3709	:	6	9	4	6	10	6
3710	:	4	4	6	1	7	7
3711	:	4	6	9	5	1	2
3712	:	5	4	0	3	5	1
3713	:	9	4	1	6	3	9
3714	:	1	3	3	8	5	5
3715	:	1	4	6	7	4	7
3716	:	8	8	3	1	1	1
3717	:	4	9	8	8	9	5
3718	:	5	6	6	0	7	5
3719	:	9	4	1	9	3	2
3720	:	7	6	9	6	7	0
3721	:	5	1	5	7	8	8
3722	:	7	3	4	8	6	5
3723	:	2	5	6	8	2	3
3724	:	4	6	7	3	3	9
3725	:	3	1	10	8	5	6
3726	:	7	7	10	8	6	8
3727	:	1	5	8	5	4	10
3728	:	1	6	9	3	1	1
3729	:	1	1	1	5	4	1
3730	:	6	10	5	5	6	9
3731	:	8	5	8	4	8	2
3732	:	6	9	5	3	8	7
3733	:	1	4	4	5	5	3
3734	:	3	2	5	6	5	10
3735	:	9	6	9	3	5	8
3736	:	6	4	9	7	10	7
3737	:	8	7	4	2	2	10
3738	:	6	1	7	2	6	1
3739	:	5	1	3	6	0	2
3740	:	2	7	6	7	6	7
3741	:	6	5	2	0	4	6
3742	:	9	9	0	0	7	2
3743	:	1	8	9	1	6	8
3744	:	0	0	9	9	7	9
3745	:	4	2	5	0	7	6
3746	:	3	8	6	9	4	9
3747	:	2	4	9	1	9	5
3748	:	2	9	2	5	3	8
3749	:	4	10	4	2	3	2
3750	:	0	1	2	8	3	8
3751	:	4	9	4	0	2	10
3752	:	2	0	2	4	4	3
3753	:	6	1	8	8	2	4
3754	:	3	5	1	1	6	1
3755	:	5	8	2	10	4	9
3756	:	5	6	9	8	6	7
3757	:	3	4	5	4	0	5
3758	:	9	8	1	5	9	8
3759	:	3	9	8	6	6	8
3760	:	7	9	0	7	6	4
3761	:	10	5	5	1	4	6
3762	:	3	8	3	6	0	6
3763	:	4	5	0	4	9	9
3764	:	1	5	4	5	1	5
3765	:	1	3	1	2	2	8
3766	:	6	2	5	8	1	0
3767	:	3	3	10	7	4	7
3768	:	9	5	7	9	1	10
3769	:	8	7	10	8	8	9
3770	:	1	6	8	7	2	2
3771	:	5	4	3	5	8	4
3772	:	7	2	5	3	8	5
3773	:	7	8	8	3	3	6
3774	:	9	10	7	1	1	5
3775	:	5	5	1	5	6	0
3776	:	8	2	7	2	0	5
3777	:	6	5	5	8	9	7
3778	:	0	4	6	6	3	2
3779	:	2	6	8	10	9	1
3780	:	9	6	9	4	8	8
3781	:	1	6	7	4	7	1
3782	:	9	9	7	7	2	4
3783	:	9	6	3	1	7	2
3784	:	9	5	4	8	2	3
3785	:	0	7	8	9	8	8
3786	:	6	0	8	0	9	6
3787	:	9	5	2	10	3	7
3788	:	1	9	7	7	5	3
3789	:	3	4	6	5	7	1
3790	:	1	5	9	9	7	2
3791	:	3	2	6	2	10	5
3792	:	5	6	4	6	8	5
3793	:	9	4	4	2	10	6
3794	:	2	3	4	9	3	7
3795	:	2	3	4	7	2	7
3796	:	4	7	7	3	6	8
3797	:	10	6	1	1	6	7
3798	:	3	9	4	3	5	4
3799	:	4	4	2	9	6	8
3800	:	5	8	8	2	3	6
3801	:	9	3	7	6	9	9
3802	:	7	6	5	5	5	10
3803	:	8	3	9	2	9	4
3804	:	6	4	3	5	4	8
3805	:	8	1	0	8	5	6
3806	:	5	8	1	3	8	2
3807	:	9	5	3	10	3	5
3808	:	9	5	3	7	6	7
3809	:	3	1	8	9	1	8
3810	:	5	4	10	6	4	3
3811	:	3	1	1	7	10	7
3812	:	1	2	3	2	2	3
3813	:	7	5	0	9	2	2
3814	:	3	9	8	8	1	8
3815	:	7	4	7	8	8	9
3816	:	4	2	9	3	7	2
3817	:	9	2	5	1	2	2
3818	:	7	0	3	8	5	9
3819	:	7	6	3	5	4	8
3820	:	5	5	3	3	2	9
3821	:	6	8	0	0	7	7
3822	:	2	4	8	9	3	6
3823	:	4	3	5	8	3	1
3824	:	8	4	3	7	10	9
3825	:	0	0	6	3	1	1
3826	:	8	9	4	9	2	7
3827	:	5	9	6	9	6	10
3828	:	7	7	4	5	8	7
3829	:	8	4	3	6	1	8
3830	:	3	7	9	7	1	4
3831	:	1	8	7	7	1	9
3832	:	0	6	1	1	1	8
3833	:	4	4	3	5	4	5
3834	:	2	7	1	3	8	7
3835	:	5	5	2	4	0	2
3836	:	0	8	10	7	9	5
3837	:	10	1	9	2	8	1
3838	:	6	5	8	4	8	4
3839	:	3	8	7	7	6	9
3840	:	5	2	7	2	4	2
3841	:	2	4	1	1	2	1
3842	:	6	7	6	9	6	9
3843	:	5	8	9	5	7	8
3844	:	9	5	6	0	10	7
3845	:	7	2	2	0	4	1
3846	:	9	8	9	8	3	6
3847	:	3	4	1	10	1	7
3848	:	2	1	2	6	1	6
3849	:	7	3	9	2	9	4
3850	:	6	1	10	2	4	7
3851	:	5	7	4	1	9	5
3852	:	10	5	8	3	5	3
3853	:	2	1	6	8	9	9
3854	:	2	4	9	5	6	9
3855	:	1	8	2	6	1	8
3856	:	1	5	0	4	9	4
3857	:	10	1	1	5	9	10
3858	:	9	6	2	0	9	1
3859	:	1	7	4	2	1	2
3860	:	2	0	4	2	4	7
3861	:	7	4	3	1	9	2
3862	:	6	5	7	7	3	9
3863	:	8	7	1	3	7	9
3864	:	4	6	6	10	4	1
3865	:	3	7	2	8	5	0
3866	:	3	10	10	3	5	7
3867	:	8	7	8	6	2	5
3868	:	4	8	7	2	6	1
3869	:	6	2	8	4	6	7
3870	:	0	5	8	9	7	1
3871	:	8	5	9	0	2	8
3872	:	1	8	8	7	2	10
3873	:	2	10	5	2	9	2
3874	:	0	4	2	1	10	2
3875	:	3	4	3	9	2	6
3876	:	7	7	7	1	10	6
3877	:	5	7	6	6	8	1
3878	:	9	5	2	8	3	0
3879	:	8	9	9	3	1	4
3880	:	9	9	6	3	1	6
3881	:	0	6	7	8	9	7
3882	:	4	2	10	9	5	7
3883	:	10	3	8	6	7	2
3884	:	3	1	9	7	8	1
3885	:	1	7	5	7	0	6
3886	:	1	3	2	6	9	8
3887	:	6	7	8	8	7	0
3888	:	7	9	10	2	7	8
3889	:	0	7	1	2	2	9
3890	:	0	0	9	0	2	4
3891	:	7	5	10	4	7	0
3892	:	8	9	3	4	5	2
3893	:	9	9	4	2	6	7
3894	:	6	2	3	7	1	10
3895	:	1	4	10	9	2	0
3896	:	5	3	4	5	7	5
3897	:	2	2	4	5	2	5
3898	:	10	4	8	8	6	9
3899	:	6	6	1	6	10	9
3900	:	1	7	9	10	2	8
3901	:	9	5	5	6	7	5
3902	:	4	2	7	4	6	2
3903	:	5	1	5	8	10	2
3904	:	10	9	4	9	9	7
3905	:	1	0	3	9	7	1
3906	:	4	1	8	4	7	9
3907	:	6	2	4	2	1	3
3908	:	8	2	2	8	6	6
3909	:	9	3	4	0	5	0
3910	:	3	2	3	7	6	9
3911	:	2	9	7	8	6	4
3912	:	4	9	4	7	7	9
3913	:	6	0	10	4	6	7
3914	:	8	1	1	5	5	7
3915	:	8	10	7	8	3	2
3916	:	2	3	4	2	9	1
3917	:	6	7	6	4	3	1
3918	:	1	8	6	4	7	6
3919	:	10	3	8	5	6	6
3920	:	8	3	8	1	7	8
3921	:	10	4	8	6	2	4
3922	:	7	5	9	3	0	9
3923	:	2	2	3	1	2	0
3924	:	6	7	2	6	2	3
3925	:	10	4	2	1	5	7
3926	:	5	6	3	5	2	0
3927	:	8	10	9	3	10	3
3928	:	6	3	2	8	8	9
3929	:	4	5	2	6	1	0
3930	:	1	2	0	4	3	2
3931	:	8	2	3	9	2	7
3932	:	7	2	4	7	4	2
3933	:	0	3	9	7	2	6
3934	:	8	5	4	6	10	8
3935	:	3	9	9	6	3	4
3936	:	1	5	7	5	6	6
3937	:	1	9	8	5	6	6
3938	:	2	2	0	10	3	6
3939	:	7	6	1	10	1	9
3940	:	6	0	1	5	1	4
3941	:	2	7	6	1	5	5
3942	:	9	10	5	8	1	3
3943	:	5	2	9	4	1	3
3944	:	3	1	5	5	1	7
3945	:	2	6	8	3	7	6
3946	:	8	9	8	5	5	5
3947	:	10	8	6	7	8	6
3948	:	3	6	6	3	7	0
3949	:	3	6	5	4	1	1
3950	:	10	3	3	6	6	8
3951	:	6	9	7	4	2	7
3952	:	10	1	9	3	8	5
3953	:	5	6	6	7	9	0
3954	:	9	1	0	7	1	5
3955	:	2	9	10	5	6	5
3956	:	8	3	0	9	2	5
3957	:	2	9	6	9	0	9
3958	:	5	10	0	2	4	3
3959	:	3	5	8	7	2	4
3960	:	8	4	7	8	6	9
3961	:	8	8	3	9	8	0
3962	:	9	9	6	4	8	2
3963	:	9	5	9	8	3	6
3964	:	1	4	8	1	9	3
3965	:	7	2	1	9	0	2
3966	:	9	1	0	1	9	5
3967	:	9	6	7	1	0	7
3968	:	7	2	9	10	7	6
3969	:	5	6	3	2	8	3
3970	:	8	6	9	3	0	6
3971	:	8	5	3	0	1	7
3972	:	3	9	2	4	4	1
3973	:	3	10	1	5	9	4
3974	:	1	6	9	8	1	1
3975	:	4	7	6	5	3	4
3976	:	4	5	2	3	5	0
3977	:	3	7	3	2	6	9
3978	:	5	1	1	7	4	8
3979	:	3	4	0	2	8	8
3980	:	2	7	3	5	7	7
3981	:	7	9	7	0	3	2
3982	:	4	3	5	4	3	3
3983	:	7	5	3	5	6	1
3984	:	3	9	1	5	4	5
3985	:	6	8	4	10	0	6
3986	:	3	6	6	9	4	4
3987	:	5	8	3	8	6	7
3988	:	2	2	4	7	10	9
3989	:	4	5	1	10	3	2
3990	:	1	1	2	5	0	8
3991	:	5	2	8	5	4	8
3992	:	1	8	8	4	3	4
3993	:	4	6	7	7	1	5
3994	:	1	9	4	1	8	6
3995	:	5	2	7	6	7	2
3996	:	1	4	8	7	7	3
3997	:	10	4	7	4	0	10
3998	:	9	10	9	8	7	3
3999	:	0	0	6	5	6	6
4000	:	7	9	10	7	9	5
4001	:	4	2	1	2	3	7
4002	:	3	1	8	1	0	3
4003	:	2	9	5	10	9	8
4004	:	8	5	8	4	9	6
4005	:	1	6	4	6	6	5
4006	:	10	4	2	8	1	7
4007	:	1	1	3	10	4	9
4008	:	5	0	0	9	1	4
4009	:	9	3	1	2	4	9
4010	:	1	9	3	2	5	4
4011	:	9	0	2	3	5	6
4012	:	10	5	8	8	6	1
4013	:	2	5	2	8	0	10
4014	:	1	7	7	1	2	6
4015	:	4	8	4	8	2	7
4016	:	3	1	8	2	2	7
4017	:	9	1	0	5	2	2
4018	:	6	3	3	7	2	4
4019	:	2	5	2	2	4	3
4020	:	7	7	1	9	1	1
4021	:	1	6	9	7	2	7
4022	:	1	7	0	2	2	2
4023	:	4	7	5	1	2	3
4024	:	9	3	3	3	1	2
4025	:	5	0	9	0	3	4
4026	:	3	6	8	5	5	9
4027	:	9	1	8	5	3	8
4028	:	6	5	7	10	2	8
4029	:	6	6	5	1	10	4
4030	:	9	1	5	4	0	6
4031	:	1	6	9	0	1	8
4032	:	9	3	3	4	9	3
4033	:	5	7	1	1	6	1
4034	:	8	1	7	9	6	10
4035	:	6	10	6	10	5	2
4036	:	8	5	6	5	1	1
4037	:	0	10	3	4	9	4
4038	:	3	2	6	9	6	8
4039	:	4	2	2	7	1	8
4040	:	1	3	0	10	10	2
4041	:	3	0	10	6	1	6
4042	:	1	8	4	7	10	8
4043	:	9	7	0	4	9	7
4044	:	2	9	1	5	8	6
4045	:	6	6	1	0	7	2
4046	:	5	4	2	4	5	4
4047	:	7	8	8	2	7	6
4048	:	4	8	8	5	8	4
4049	:	2	9	0	9	4	8
4050	:	5	6	7	7	1	2
4051	:	8	6	4	1	1	1
4052	:	8	3	10	0	1	4
4053	:	2	1	0	3	1	3
4054	:	8	6	10	7	7	3
4055	:	4	3	10	0	8	8
4056	:	0	4	7	3	5	1
4057	:	10	7	3	5	5	8
4058	:	5	5	2	7	7	4
4059	:	7	6	10	1	4	8
4060	:	8	9	7	8	6	5
4061	:	2	3	5	7	2	2
4062	:	8	5	7	6	9	1
4063	:	7	3	7	4	3	6
4064	:	6	9	7	4	5	3
4065	:	7	7	2	6	7	2
4066	:	6	10	8	7	4	2
4067	:	4	2	3	2	6	6
4068	:	3	6	3	9	4	3
4069	:	3	10	1	8	1	3
4070	:	4	0	0	7	4	1
4071	:	7	7	3	1	10	5
4072	:	8	9	1	3	5	2
4073	:	3	10	1	4	3	7
4074	:	9	8	2	10	3	1
4075	:	8	1	4	2	7	7
4076	:	4	4	0	7	8	10
4077	:	6	0	1	9	8	4
4078	:	4	8	9	1	3	4
4079	:	2	0	10	5	4	10
4080	:	2	8	3	3	3	1
4081	:	7	2	2	4	0	4
4082	:	8	0	4	8	10	5
4083	:	5	6	6	1	9	10
4084	:	8	6	3	4	9	3
4085	:	0	5	3	9	7	4
4086	:	4	5	4	1	10	9
4087	:	1	6	1	2	6	4
4088	:	1	7	9	6	9	1
4089	:	9	5	8	2	4	9
4090	:	10	6	3	6	6	4
4091	:	8	3	5	7	1	0
4092	:	8	2	2	5	0	2
4093	:	8	0	9	2	2	4
4094	:	2	6	5	9	0	5
4095	:	9	10	4	4	1	4
4096	:	9	6	1	8	1	2
4097	:	4	1	9	2	2	1
4098	:	8	0	3	8	2	5
4099	:	5	8	2	8	3	4
4100	:	5	2	6	8	4	5
4101	:	0	5	6	3	7	4
4102	:	3	4	9	1	5	8
4103	:	1	9	3	9	2	6
4104	:	6	4	4	2	8	4
4105	:	9	1	3	7	8	7
4106	:	0	7	7	0	1	5
4107	:	3	5	7	4	9	2
4108	:	6	3	6	7	10	7
4109	:	1	9	2	5	9	4
4110	:	1	2	2	2	6	4
4111	:	0	4	1	1	2	3
4112	:	4	2	4	1	3	1
4113	:	2	7	3	4	6	0
4114	:	8	2	1	8	6	10
4115	:	1	2	8	8	6	5
4116	:	6	5	6	1	0	7
4117	:	6	5	5	5	9	9
4118	:	5	4	8	7	0	0
4119	:	3	1	9	6	5	4
4120	:	9	10	3	7	8	7
4121	:	2	3	3	2	2	5
4122	:	6	6	2	2	1	4
4123	:	1	1	7	6	9	8
4124	:	5	4	4	8	5	4
4125	:	3	3	5	0	7	9
4126	:	2	10	5	5	3	9
4127	:	10	7	5	2	1	8
4128	:	6	1	4	1	2	3
4129	:	7	2	10	10	8	7
4130	:	7	1	5	1	2	2
4131	:	4	3	5	2	9	6
4132	:	6	3	8	4	3	10
4133	:	7	3	3	2	3	7
4134	:	6	1	3	3	6	6
4135	:	3	6	5	5	7	8
4136	:	4	3	9	10	7	0
4137	:	4	4	2	5	2	9
4138	:	3	9	5	5	4	9
4139	:	8	2	4	6	7	2
4140	:	1	2	5	2	1	10
4141	:	8	9	1	4	4	7
4142	:	2	3	4	4	0	2
4143	:	5	9	7	6	1	5
4144	:	2	9	0	5	3	2
4145	:	1	0	7	1	8	2
4146	:	2	3	4	7	6	2
4147	:	4	7	2	6	7	4
4148	:	9	3	0	0	2	0
4149	:	8	3	3	6	7	9
4150	:	4	2	8	9	5	3
4151	:	6	9	3	7	2	7
4152	:	6	0	9	8	6	7
4153	:	0	9	8	5	8	5
4154	:	4	8	6	3	8	8
4155	:	5	7	10	4	6	4
4156	:	8	5	7	8	9	8
4157	:	4	7	6	7	7	5
4158	:	4	2	9	2	3	2
4159	:	1	10	5	5	5	1
4160	:	2	7	5	0	7	1
4161	:	7	2	6	7	9	8
4162	:	4	10	2	9	4	4
4163	:	10	4	2	1	8	2
4164	:	6	5	9	5	4	3
4165	:	3	7	9	7	9	8
4166	:	10	4	9	5	3	5
4167	:	5	2	6	9	9	10
4168	:	9	7	5	4	6	5
4169	:	3	6	1	4	7	5
4170	:	3	3	4	2	3	0
4171	:	0	2	9	2	0	1
4172	:	0	8	7	8	5	7
4173	:	4	6	1	3	3	9
4174	:	2	10	9	5	7	6
4175	:	7	4	0	4	2	7
4176	:	4	6	2	2	10	2
4177	:	2	9	8	0	2	8
4178	:	6	10	6	6	9	1
4179	:	7	9	3	8	3	10
4180	:	4	2	6	5	6	3
4181	:	6	5	6	9	8	10
4182	:	2	6	4	8	8	4
4183	:	10	10	9	7	2	4
4184	:	6	4	4	6	2	7
4185	:	8	8	5	2	7	0
4186	:	3	3	8	6	5	2
4187	:	7	2	6	6	2	0
4188	:	4	5	7	9	3	2
4189	:	9	4	0	2	7	9
4190	:	4	4	6	9	4	1
4191	:	5	8	4	6	4	7
4192	:	1	8	4	2	9	9
4193	:	7	8	6	4	9	5
4194	:	3	10	3	1	9	3
4195	:	8	4	8	5	4	2
4196	:	1	7	9	7	1	3
4197	:	10	7	9	5	10	3
4198	:	6	1	4	4	8	5
4199	:	4	4	4	8	8	7
4200	:	3	3	1	9	0	3
4201	:	0	9	8	1	9	6
4202	:	1	2	1	5	9	3
4203	:	8	8	2	2	2	4
4204	:	6	4	4	8	7	5
4205	:	10	6	5	6	2	2
4206	:	4	8	6	1	0	2
4207	:	9	8	8	3	8	3
4208	:	3	6	6	2	8	9
4209	:	5	3	7	7	8	7
4210	:	10	2	5	0	3	2
4211	:	1	1	1	7	6	5
4212	:	1	4	6	7	6	2
4213	:	3	6	7	4	3	1
4214	:	9	7	8	6	0	9
4215	:	3	8	6	1	4	1
4216	:	4	10	8	7	5	3
4217	:	0	3	5	0	8	10
4218	:	6	4	3	6	9	4
4219	:	2	8	2	7	9	4
4220	:	2	6	8	1	8	6
4221	:	1	10	6	4	3	5
4222	:	0	5	9	5	3	6
4223	:	1	7	9	7	4	9
4224	:	7	6	6	5	4	9
4225	:	5	3	5	5	9	2
4226	:	6	8	4	10	5	1
4227	:	2	3	2	6	3	8
4228	:	4	7	1	9	3	9
4229	:	8	8	10	3	5	3
4230	:	2	5	2	3	3	2
4231	:	8	7	9	7	10	4
4232	:	2	4	5	4	1	3
4233	:	5	9	1	10	1	9
4234	:	7	5	4	3	5	3
4235	:	10	5	5	0	8	10
4236	:	3	5	8	0	3	5
4237	:	7	1	4	5	6	10
4238	:	8	2	7	5	7	1
4239	:	1	6	6	5	7	4
4240	:	5	2	7	2	6	2
4241	:	1	7	4	3	3	4
4242	:	7	4	3	6	10	8
4243	:	3	5	1	3	9	2
4244	:	6	5	7	2	5	7
4245	:	0	6	7	4	3	8
4246	:	7	2	0	4	8	7
4247	:	1	2	8	3	6	6
4248	:	5	7	2	1	2	3
4249	:	10	8	8	3	3	6
4250	:	1	6	6	1	5	9
4251	:	3	8	10	8	3	3
4252	:	4	4	7	10	8	5
4253	:	5	1	6	10	6	1
4254	:	4	1	8	10	8	2
4255	:	2	9	3	7	8	1
4256	:	6	2	1	6	2	8
4257	:	1	10	6	6	9	2
4258	:	6	8	1	1	8	2
4259	:	5	2	5	10	4	9
4260	:	0	7	9	6	2	8
4261	:	5	3	4	10	8	3
4262	:	8	7	6	2	9	1
4263	:	1	1	8	1	4	4
4264	:	4	9	9	4	8	5
4265	:	0	5	6	8	4	2
4266	:	6	2	9	8	3	5
4267	:	0	1	6	9	6	1
4268	:	4	1	7	7	8	0
4269	:	6	6	3	3	4	6
4270	:	10	2	5	4	4	1
4271	:	3	4	10	4	6	2
4272	:	4	4	2	2	1	8
4273	:	10	0	9	9	4	5
4274	:	7	4	8	2	5	2
4275	:	6	7	3	2	2	4
4276	:	2	7	1	8	6	3
4277	:	9	8	4	0	4	8
4278	:	10	6	6	3	10	8
4279	:	8	7	8	10	1	4
4280	:	7	6	1	7	7	5
4281	:	5	6	1	2	8	8
4282	:	8	4	2	1	5	5
4283	:	2	5	2	1	0	9
4284	:	7	7	7	9	4	8
4285	:	9	0	4	2	5	7
4286	:	9	10	9	9	4	9
4287	:	2	5	10	5	7	9
4288	:	7	1	4	7	8	3
4289	:	4	4	6	2	2	2
4290	:	5	10	3	2	3	9
4291	:	7	2	10	7	3	0
4292	:	2	3	6	4	7	6
4293	:	4	3	5	6	9	6
4294	:	3	6	3	7	6	8
4295	:	3	8	8	3	3	4
4296	:	6	0	9	1	1	1
4297	:	0	5	9	6	9	9
4298	:	3	2	3	6	5	2
4299	:	9	5	0	6	5	3
4300	:	6	8	1	9	5	7
4301	:	6	9	7	8	3	3
4302	:	9	6	2	4	9	8
4303	:	1	8	4	9	7	8
4304	:	1	8	9	2	8	0
4305	:	1	3	6	9	6	3
4306	:	6	9	6	5	8	3
4307	:	4	3	2	10	0	7
4308	:	9	2	1	7	2	0
4309	:	2	0	4	4	1	7
4310	:	2	8	5	6	6	2
4311	:	2	1	9	6	9	1
4312	:	1	1	7	8	3	9
4313	:	10	4	8	9	3	8
4314	:	8	2	4	4	0	1
4315	:	1	5	9	7	2	6
4316	:	0	6	2	8	2	10
4317	:	4	7	3	10	10	3
4318	:	10	8	0	1	5	0
4319	:	6	7	0	9	4	9
4320	:	9	5	9	9	3	9
4321	:	4	7	7	3	2	10
4322	:	2	2	8	1	3	6
4323	:	4	9	8	5	6	4
4324	:	5	9	4	3	6	8
4325	:	9	8	4	6	1	5
4326	:	3	5	8	7	1	1
4327	:	3	3	5	1	6	1
4328	:	9	9	1	9	5	4
4329	:	8	6	8	6	6	5
4330	:	6	2	8	7	2	9
4331	:	6	7	5	0	2	1
4332	:	9	3	3	0	7	4
4333	:	9	2	0	1	4	1
4334	:	6	9	8	8	9	6
4335	:	3	2	8	2	5	5
4336	:	7	5	2	7	8	3
4337	:	9	7	3	2	6	5
4338	:	4	2	4	3	7	6
4339	:	0	4	5	7	6	1
4340	:	8	9	4	8	6	1
4341	:	6	10	1	1	4	6
4342	:	4	6	1	8	6	6
4343	:	1	3	6	7	5	0
4344	:	5	5	0	0	9	7
4345	:	2	5	4	8	1	6
4346	:	7	8	7	1	6	4
4347	:	7	1	8	1	4	9
4348	:	8	5	4	5	10	6
4349	:	8	0	10	0	5	6
4350	:	0	6	1	5	10	10
4351	:	8	10	9	10	5	1
4352	:	10	9	1	1	2	8
4353	:	6	3	2	7	5	0
4354	:	5	9	8	1	3	5
4355	:	4	6	2	7	2	6
4356	:	1	1	3	6	9	5
4357	:	8	6	5	8	3	8
4358	:	6	4	7	8	2	3
4359	:	4	8	7	3	1	3
4360	:	8	2	10	1	7	9
4361	:	7	7	7	4	4	4
4362	:	3	7	0	3	5	8
4363	:	7	3	5	10	6	7
4364	:	2	9	1	5	4	2
4365	:	9	7	2	1	8	2
4366	:	9	5	0	5	1	9
4367	:	10	7	6	9	4	6
4368	:	9	8	3	10	3	4
4369	:	2	8	3	8	3	7
4370	:	7	6	9	4	1	2
4371	:	1	5	2	5	4	2
4372	:	2	10	8	6	9	2
4373	:	5	2	4	4	1	7
4374	:	7	8	5	2	6	3
4375	:	8	7	9	6	5	4
4376	:	1	9	3	7	3	1
4377	:	4	8	1	9	7	3
4378	:	7	4	5	9	0	5
4379	:	2	7	1	5	2	3
4380	:	2	7	3	6	3	0
4381	:	6	6	9	4	3	8
4382	:	4	9	9	6	7	7
4383	:	8	1	4	2	8	5
4384	:	0	9	3	2	1	2
4385	:	10	5	1	5	5	5
4386	:	10	5	4	7	7	3
4387	:	4	4	7	9	8	6
4388	:	3	6	4	5	5	9
4389	:	6	2	9	10	3	3
4390	:	8	8	3	5	4	5
4391	:	10	8	6	4	1	3
4392	:	7	5	4	7	5	9
4393	:	9	3	4	3	6	6
4394	:	1	6	2	4	2	10
4395	:	4	8	7	3	1	4
4396	:	3	9	1	1	6	1
4397	:	1	9	4	10	3	6
4398	:	3	0	0	3	8	6
4399	:	4	1	5	7	10	5
4400	:	8	8	5	4	6	4
4401	:	2	6	3	9	1	3
4402	:	4	2	0	4	7	5
4403	:	9	3	9	5	4	7
4404	:	8	8	2	8	7	7
4405	:	4	10	2	7	9	1
4406	:	2	1	3	6	0	8
4407	:	3	2	8	2	8	7
4408	:	7	3	9	5	9	7
4409	:	9	6	8	1	4	6
4410	:	5	9	5	0	9	1
4411	:	4	1	4	1	10	8
4412	:	5	4	10	6	4	2
4413	:	9	4	1	5	6	2
4414	:	6	4	1	2	5	10
4415	:	6	4	6	6	4	2
4416	:	7	8	8	2	6	1
4417	:	9	2	1	1	0	6
4418	:	2	9	4	10	10	5
4419	:	9	2	4	8	9	5
4420	:	9	3	6	9	3	6
4421	:	9	1	4	3	7	0
4422	:	2	5	1	3	4	3
4423	:	8	1	8	10	1	3
4424	:	5	3	6	3	0	7
4425	:	0	0	6	8	3	4
4426	:	5	1	6	8	2	8
4427	:	1	4	3	6	10	2
4428	:	5	2	0	10	4	3
4429	:	3	5	5	4	7	9
4430	:	1	8	9	3	2	4
4431	:	5	8	3	5	10	9
4432	:	1	5	7	5	5	3
4433	:	8	4	8	6	7	9
4434	:	0	3	8	1	5	10
4435	:	4	7	2	3	9	6
4436	:	5	6	8	3	0	6
4437	:	3	9	9	9	6	2
4438	:	9	5	2	2	4	2
4439	:	1	9	6	0	5	6
4440	:	3	7	3	4	1	7
4441	:	4	1	9	8	8	9
4442	:	8	10	9	3	10	9
4443	:	1	8	5	9	6	8
4444	:	5	9	4	9	9	2
4445	:	10	7	10	4	9	6
4446	:	2	9	5	8	9	4
4447	:	5	3	4	10	2	5
4448	:	7	9	2	0	0	4
4449	:	8	3	5	6	7	2
4450	:	7	10	4	5	4	3
4451	:	2	9	4	10	8	6
4452	:	9	4	1	9	4	8
4453	:	6	8	4	4	2	10
4454	:	8	10	5	9	3	10
4455	:	6	2	8	7	2	1
4456	:	6	0	7	6	8	5
4457	:	10	9	7	1	9	9
4458	:	7	6	0	9	6	4
4459	:	8	5	2	3	6	3
4460	:	6	10	9	3	0	5
4461	:	1	0	8	1	1	9
4462	:	9	2	2	4	5	8
4463	:	8	3	9	1	1	7
4464	:	0	7	9	3	8	7
4465	:	9	4	3	7	2	7
4466	:	9	4	6	5	8	3
4467	:	6	10	0	3	4	10
4468	:	5	4	6	7	3	2
4469	:	9	6	6	0	2	1
4470	:	7	6	4	1	2	5
4471	:	4	4	9	8	0	7
4472	:	2	4	5	5	9	4
4473	:	9	1	4	5	8	4
4474	:	8	2	7	6	8	4
4475	:	9	10	6	4	5	4
4476	:	3	9	9	2	4	3
4477	:	2	2	9	6	4	0
4478	:	6	2	0	9	1	5
4479	:	8	9	9	3	6	4
4480	:	9	6	0	9	4	1
4481	:	2	5	7	1	7	5
4482	:	4	4	0	3	8	4
4483	:	2	1	2	8	9	2
4484	:	4	9	5	9	3	3
4485	:	6	4	8	8	9	6
4486	:	2	4	4	4	2	3
4487	:	5	1	5	1	10	5
4488	:	3	4	2	9	9	7
4489	:	3	2	7	7	6	6
4490	:	5	1	7	3	9	2
4491	:	5	0	4	1	2	7
4492	:	9	1	10	5	7	7
4493	:	1	7	1	6	2	6
4494	:	2	4	5	6	5	3
4495	:	4	2	9	2	6	8
4496	:	7	9	10	5	3	8
4497	:	3	9	5	4	4	4
4498	:	8	7	2	3	6	3
4499	:	0	6	7	5	1	1
4500	:	4	2	7	5	4	3
4501	:	2	10	9	9	10	10
4502	:	8	8	8	2	3	1
4503	:	7	9	9	8	0	3
4504	:	9	5	1	4	9	7
4505	:	6	3	8	2	8	1
4506	:	5	0	10	10	2	1
4507	:	7	2	9	9	7	2
4508	:	4	9	2	10	8	6
4509	:	8	1	1	9	9	6
4510	:	5	6	2	9	2	6
4511	:	4	6	5	3	0	1
4512	:	9	6	7	7	2	3
4513	:	6	0	2	0	7	9
4514	:	0	7	9	9	7	4
4515	:	2	7	4	1	10	1
4516	:	5	6	6	3	9	3
4517	:	3	3	10	2	5	1
4518	:	8	4	10	0	5	7
4519	:	7	10	5	9	6	2
4520	:	5	3	6	7	3	0
4521	:	2	1	3	2	3	7
4522	:	4	2	5	4	9	9
4523	:	5	8	4	9	9	8
4524	:	6	0	1	3	1	3
4525	:	1	0	5	3	8	8
4526	:	9	1	3	1	4	8
4527	:	7	6	4	8	8	7
4528	:	0	6	7	3	4	5
4529	:	9	4	1	5	6	1
4530	:	1	9	5	3	6	8
4531	:	1	8	4	8	5	2
4532	:	7	0	4	8	3	0
4533	:	3	10	1	3	5	8
4534	:	4	4	9	7	8	6
4535	:	7	0	8	9	7	2
4536	:	10	8	6	6	4	8
4537	:	10	2	10	8	3	8
4538	:	6	7	8	1	3	0
4539	:	5	8	9	6	5	9
4540	:	1	8	1	1	10	9
4541	:	3	2	5	9	4	1
4542	:	7	9	6	10	10	7
4543	:	7	4	9	4	1	6
4544	:	4	9	10	9	0	2
4545	:	8	3	7	1	5	3
4546	:	5	1	8	1	8	8
4547	:	9	5	3	8	9	8
4548	:	2	0	8	1	1	5
4549	:	7	5	3	2	5	7
4550	:	2	0	5	5	7	8
4551	:	1	1	7	7	1	3
4552	:	9	4	5	3	6	3
4553	:	3	2	9	2	7	7
4554	:	7	6	6	1	6	3
4555	:	7	9	7	8	6	7
4556	:	3	6	5	5	10	2
4557	:	3	1	6	6	4	6
4558	:	4	5	5	1	5	5
4559	:	4	6	3	9	3	9
4560	:	3	6	3	7	1	6
4561	:	7	8	4	9	4	6
4562	:	8	9	6	6	2	6
4563	:	9	2	10	2	0	3
4564	:	1	7	1	2	4	3
4565	:	2	8	6	7	4	9
4566	:	4	9	4	6	7	1
4567	:	5	1	9	1	1	5
4568	:	4	7	9	1	7	5
4569	:	10	1	4	8	1	6
4570	:	3	9	9	6	1	3
4571	:	4	6	9	9	8	4
4572	:	9	10	0	1	4	6
4573	:	5	2	8	1	1	1
4574	:	4	9	2	6	2	9
4575	:	5	7	5	6	3	5
4576	:	1	4	7	8	9	3
4577	:	10	1	5	8	8	9
4578	:	1	4	5	4	5	1
4579	:	10	9	3	9	4	8
4580	:	0	1	5	7	3	4
4581	:	5	9	9	3	7	2
4582	:	0	1	1	8	6	1
4583	:	4	9	3	2	3	9
4584	:	5	5	2	1	7	7
4585	:	7	0	9	2	4	0
4586	:	3	3	4	3	7	0
4587	:	3	8	1	8	9	4
4588	:	4	10	3	1	3	0
4589	:	6	4	5	5	8	6
4590	:	4	9	10	1	1	3
4591	:	8	9	6	6	6	3
4592	:	9	3	2	5	3	1
4593	:	6	3	3	9	7	6
4594	:	6	10	9	8	2	8
4595	:	2	7	2	7	6	10
4596	:	8	9	9	6	5	3
4597	:	5	2	0	2	5	2
4598	:	6	1	5	8	5	2
4599	:	4	3	4	2	10	8
4600	:	7	4	4	7	3	7
4601	:	5	1	8	0	4	2
4602	:	9	6	1	5	7	3
4603	:	7	6	8	0	8	8
4604	:	5	9	10	2	8	7
4605	:	7	3	9	4	3	4
4606	:	9	8	2	3	5	6
4607	:	6	4	5	8	10	3
4608	:	9	5	7	4	4	7
4609	:	6	1	6	7	6	2
4610	:	8	5	1	5	9	8
4611	:	1	0	4	4	9	7
4612	:	8	6	4	2	9	4
4613	:	6	6	6	3	1	6
4614	:	3	8	8	7	3	10
4615	:	5	3	3	7	1	7
4616	:	1	5	2	1	1	9
4617	:	7	9	7	1	6	4
4618	:	2	9	7	5	3	2
4619	:	6	4	3	5	3	1
4620	:	8	1	5	1	8	0
4621	:	9	8	7	10	8	9
4622	:	2	6	8	9	8	6
4623	:	10	3	7	4	7	1
4624	:	2	0	2	2	4	2
4625	:	8	5	7	1	5	5
4626	:	1	5	2	5	1	6
4627	:	4	6	7	7	2	3
4628	:	4	5	5	3	1	5
4629	:	0	8	6	5	9	3
4630	:	7	5	1	3	3	9
4631	:	2	9	1	3	7	4
4632	:	1	1	7	0	5	0
4633	:	3	7	6	2	0	1
4634	:	2	5	7	3	10	9
4635	:	5	6	7	6	4	4
4636	:	3	5	8	3	2	8
4637	:	1	1	1	2	2	6
4638	:	6	5	7	9	7	3
4639	:	9	1	2	2	2	3
4640	:	5	1	9	7	9	7
4641	:	3	9	1	3	2	7
4642	:	3	9	9	5	0	3
4643	:	0	7	8	1	10	2
4644	:	5	0	3	1	4	9
4645	:	3	7	2	2	4	4
4646	:	6	1	5	8	4	7
4647	:	6	0	1	8	9	0
4648	:	7	8	6	9	2	6
4649	:	4	9	2	5	5	8
4650	:	4	5	9	4	3	8
4651	:	4	8	6	8	1	5
4652	:	2	1	3	0	1	5
4653	:	10	4	2	3	7	1
4654	:	9	7	3	6	4	1
4655	:	9	4	9	6	7	5
4656	:	4	1	3	1	3	5
4657	:	5	1	8	5	4	9
4658	:	9	2	6	4	3	3
4659	:	8	9	5	4	6	1
4660	:	2	10	3	7	4	8
4661	:	10	8	7	3	2	4
4662	:	9	8	8	5	1	6
4663	:	9	0	9	6	10	6
4664	:	2	9	6	3	10	4
4665	:	7	5	4	4	10	3
4666	:	5	0	9	9	10	7
4667	:	9	1	9	9	1	8
4668	:	6	9	9	6	7	8
4669	:	1	2	3	8	10	3
4670	:	9	9	10	6	8	2
4671	:	7	7	8	0	5	8
4672	:	8	9	10	8	10	7
4673	:	1	2	7	5	1	7
4674	:	7	10	4	1	3	2
4675	:	7	6	10	1	4	8
4676	:	9	2	4	10	6	1
4677	:	6	8	1	7	5	4
4678	:	9	10	4	0	3	4
4679	:	2	7	7	2	8	4
4680	:	4	8	6	9	7	6
4681	:	3	3	7	7	3	8
4682	:	4	8	9	2	1	5
4683	:	4	10	9	9	7	2
4684	:	2	8	10	2	9	5
4685	:	3	8	2	7	9	4
4686	:	3	0	5	4	6	9
4687	:	9	3	1	5	10	9
4688	:	4	5	4	6	9	8
4689	:	7	9	6	2	3	4
4690	:	3	5	7	2	5	3
4691	:	0	5	9	5	9	4
4692	:	2	5	2	9	9	10
4693	:	3	7	3	0	8	1
4694	:	6	8	7	3	8	4
4695	:	1	9	7	6	4	3
4696	:	3	9	4	2	10	7
4697	:	4	3	6	2	8	7
4698	:	4	10	4	6	4	0
4699	:	6	8	4	9	8	5
4700	:	2	3	8	4	7	3
4701	:	1	4	3	9	8	7
4702	:	6	9	8	6	7	9
4703	:	1	8	7	5	5	9
4704	:	4	7	3	1	0	3
4705	:	7	8	1	7	7	5
4706	:	0	6	2	5	8	2
4707	:	8	9	2	4	6	8
4708	:	7	8	4	7	1	5
4709	:	4	6	6	2	8	7
4710	:	2	5	8	10	6	6
4711	:	8	9	3	8	8	7
4712	:	8	5	6	0	8	0
4713	:	2	3	10	10	9	6
4714	:	1	6	3	10	8	6
4715	:	10	9	3	5	4	9
4716	:	0	3	2	1	3	10
4717	:	4	9	7	5	6	5
4718	:	6	6	1	7	3	4
4719	:	0	3	1	2	6	5
4720	:	1	9	3	1	4	5
4721	:	10	4	8	5	2	2
4722	:	8	9	9	4	6	2
4723	:	2	4	5	4	9	2
4724	:	3	8	6	4	6	9
4725	:	7	1	2	9	1	7
4726	:	4	8	10	7	9	4
4727	:	5	1	0	8	1	6
4728	:	6	4	4	9	2	2
4729	:	7	2	7	9	1	4
4730	:	9	6	9	2	4	2
4731	:	6	9	2	4	8	9
4732	:	6	4	1	4	8	9
4733	:	10	9	9	9	8	1
4734	:	2	7	1	1	1	3
4735	:	3	9	4	0	3	4
4736	:	8	9	4	9	3	4
4737	:	7	2	8	2	2	2
4738	:	5	3	3	8	4	6
4739	:	2	2	9	3	3	6
4740	:	6	6	2	8	5	9
4741	:	0	1	3	3	9	7
4742	:	4	1	6	9	3	7
4743	:	8	9	9	4	7	9
4744	:	8	9	7	7	3	9
4745	:	9	3	2	3	2	7
4746	:	4	7	6	3	7	4
4747	:	3	0	4	1	3	3
4748	:	3	9	0	7	3	0
4749	:	4	9	9	7	7	3
4750	:	9	8	4	3	9	7
4751	:	8	8	5	9	7	5
4752	:	6	7	1	8	1	5
4753	:	3	3	3	2	1	9
4754	:	4	5	9	4	6	5
4755	:	4	6	9	2	10	4
4756	:	5	2	6	6	9	9
4757	:	5	6	0	7	7	3
4758	:	2	2	6	7	8	3
4759	:	7	1	9	6	8	1
4760	:	9	5	9	5	3	3
4761	:	8	9	4	5	7	2
4762	:	10	6	4	6	9	10
4763	:	5	6	5	1	4	3
4764	:	8	9	7	1	8	3
4765	:	3	2	7	4	1	1
4766	:	1	6	10	5	1	9
4767	:	3	9	7	8	8	5
4768	:	9	4	7	9	7	6
4769	:	7	3	1	1	6	5
4770	:	4	4	1	6	9	5
4771	:	3	9	5	5	4	1
4772	:	7	9	10	2	3	3
4773	:	5	10	8	7	10	7
4774	:	8	8	1	7	9	6
4775	:	4	2	8	3	0	8
4776	:	4	5	7	5	1	4
4777	:	6	2	8	2	5	7
4778	:	9	10	9	8	6	2
4779	:	1	0	3	6	5	3
4780	:	6	4	6	7	2	3
4781	:	6	8	5	8	1	4
4782	:	8	8	10	4	4	8
4783	:	3	1	8	0	5	2
4784	:	5	3	6	2	1	10
4785	:	0	4	9	9	1	2
4786	:	8	0	7	9	7	1
4787	:	0	1	3	6	9	0
4788	:	7	2	10	2	7	7
4789	:	2	7	7	3	10	2
4790	:	1	2	3	7	6	3
4791	:	1	8	8	8	6	8
4792	:	0	7	3	4	8	3
4793	:	0	1	7	5	2	10
4794	:	8	1	8	2	3	1
4795	:	1	4	8	4	9	5
4796	:	1	6	6	10	3	8
4797	:	7	8	4	6	4	0
4798	:	2	10	7	7	1	3
4799	:	7	6	9	1	5	8
4800	:	8	2	2	5	3	7
4801	:	7	8	6	9	2	3
4802	:	6	3	8	10	1	7
4803	:	8	9	1	1	3	8
4804	:	3	7	5	10	9	9
4805	:	5	7	7	0	2	2
4806	:	4	7	6	7	1	7
4807	:	1	2	6	5	1	2
4808	:	6	1	5	9	7	9
4809	:	5	6	5	7	3	6
4810	:	0	8	8	4	8	9
4811	:	2	6	0	2	7	7
4812	:	4	9	6	5	5	5
4813	:	0	6	4	9	7	5
4814	:	5	7	8	1	4	6
4815	:	6	5	5	6	6	4
4816	:	1	2	4	8	7	5
4817	:	8	6	6	8	0	3
4818	:	10	6	2	8	4	8
4819	:	1	9	6	10	9	3
4820	:	3	7	8	2	2	6
4821	:	3	7	5	1	7	7
4822	:	8	1	2	9	6	4
4823	:	0	9	5	7	1	2
4824	:	8	2	2	6	6	7
4825	:	9	1	2	7	8	0
4826	:	9	6	6	2	9	10
4827	:	7	0	5	2	8	6
4828	:	6	2	2	6	9	0
4829	:	7	0	2	7	8	4
4830	:	8	5	9	7	2	4
4831	:	8	10	6	10	7	7
4832	:	3	4	0	1	10	3
4833	:	3	0	3	3	7	4
4834	:	9	8	5	7	6	9
4835	:	2	3	8	6	8	8
4836	:	6	5	9	3	3	9
4837	:	5	2	8	2	10	6
4838	:	8	1	9	9	5	3
4839	:	3	6	8	7	3	7
4840	:	8	4	4	10	10	7
4841	:	8	0	9	9	9	9
4842	:	1	1	5	3	1	2
4843	:	9	2	8	7	9	6
4844	:	4	4	7	5	5	1
4845	:	3	4	8	5	5	0
4846	:	3	8	1	1	2	0
4847	:	6	2	5	9	10	9
4848	:	8	3	2	8	5	4
4849	:	0	8	3	7	7	9
4850	:	10	3	3	4	2	2
4851	:	5	1	0	6	10	6
4852	:	5	2	0	2	6	3
4853	:	10	9	6	9	6	9
4854	:	1	8	6	2	5	1
4855	:	3	9	2	4	5	4
4856	:	7	3	8	7	2	7
4857	:	6	2	5	2	5	4
4858	:	5	3	3	6	6	7
4859	:	10	1	10	9	4	2
4860	:	1	3	1	5	4	5
4861	:	7	8	9	4	9	3
4862	:	3	5	6	0	10	4
4863	:	0	0	7	8	5	7
4864	:	7	9	7	2	2	0
4865	:	3	1	6	7	1	7
4866	:	4	4	7	7	9	3
4867	:	0	5	5	8	5	3
4868	:	5	6	5	9	5	2
4869	:	1	9	8	4	7	3
4870	:	7	5	4	3	2	0
4871	:	4	9	6	6	6	5
4872	:	0	6	6	5	8	5
4873	:	4	4	1	3	5	3
4874	:	8	5	2	3	3	8
4875	:	0	1	0	4	0	10
4876	:	0	7	1	3	6	6
4877	:	7	8	3	10	0	8
4878	:	2	5	6	2	9	2
4879	:	5	0	5	1	5	7
4880	:	4	2	8	9	1	10
4881	:	0	3	6	10	9	9
4882	:	5	5	8	1	7	6
4883	:	4	5	0	3	4	8
4884	:	5	8	4	2	6	0
4885	:	6	1	8	8	5	6
4886	:	7	8	9	9	2	10
4887	:	7	5	5	2	6	3
4888	:	1	2	5	3	10	8
4889	:	1	2	1	4	2	4
4890	:	8	3	10	1	5	3
4891	:	5	0	9	8	1	10
4892	:	6	2	3	2	7	3
4893	:	5	5	9	5	7	5
4894	:	2	2	5	9	7	4
4895	:	10	4	0	2	4	8
4896	:	5	3	2	5	9	9
4897	:	3	8	9	3	5	2
4898	:	0	7	9	8	1	3
4899	:	10	9	6	9	8	3
4900	:	1	10	7	9	1	5
4901	:	4	2	8	5	2	8
4902	:	4	8	2	9	9	4
4903	:	3	8	3	2	7	7
4904	:	3	2	1	8	0	7
4905	:	1	10	2	8	1	4
4906	:	8	5	3	8	10	9
4907	:	8	2	10	4	6	1
4908	:	8	9	5	8	3	0
4909	:	5	8	9	4	9	0
4910	:	4	8	9	8	2	5
4911	:	3	3	0	0	5	7
4912	:	2	7	4	5	8	8
4913	:	1	2	1	2	5	5
4914	:	10	2	2	6	4	1
4915	:	9	9	9	3	8	3
4916	:	4	8	5	9	6	2
4917	:	10	4	4	3	0	0
4918	:	5	4	6	2	0	1
4919	:	9	7	4	3	10	7
4920	:	5	2	8	9	5	4
4921	:	3	10	9	6	8	1
4922	:	6	1	7	8	6	0
4923	:	6	1	8	3	10	5
4924	:	8	2	1	2	7	0
4925	:	8	7	0	5	3	7
4926	:	8	8	1	4	6	1
4927	:	3	6	3	5	9	4
4928	:	7	3	9	7	9	5
4929	:	4	5	9	7	3	7
4930	:	0	1	1	5	3	1
4931	:	10	7	2	0	7	8
4932	:	2	5	6	6	9	2
4933	:	6	5	7	3	10	2
4934	:	2	2	7	9	7	4
4935	:	7	4	4	1	9	9
4936	:	2	4	6	3	6	1
4937	:	2	1	6	6	6	2
4938	:	3	6	0	0	4	2
4939	:	3	5	2	6	9	3
4940	:	1	7	0	5	4	4
4941	:	1	2	9	6	0	7
4942	:	5	9	4	3	7	8
4943	:	9	3	1	9	8	1
4944	:	7	1	1	4	4	7
4945	:	8	4	1	3	0	6
4946	:	3	2	9	1	7	9
4947	:	1	10	2	7	5	2
4948	:	0	5	8	2	3	7
4949	:	9	10	0	2	2	8
4950	:	2	10	3	4	4	8
4951	:	4	7	1	7	6	4
4952	:	3	4	3	9	7	10
4953	:	1	6	7	6	2	9
4954	:	7	9	9	3	5	2
4955	:	5	4	6	5	4	8
4956	:	8	3	9	7	9	8
4957	:	2	8	9	7	1	6
4958	:	1	10	2	1	3	6
4959	:	8	7	2	2	2	4
4960	:	6	8	9	10	3	7
4961	:	8	9	2	9	3	9
4962	:	2	0	2	6	3	9
4963	:	4	5	8	9	9	7
4964	:	6	1	7	2	2	1
4965	:	4	3	9	5	4	3
4966	:	4	2	2	0	1	5
4967	:	8	6	3	4	9	5
4968	:	2	3	7	1	5	10
4969	:	0	8	6	8	1	9
4970	:	5	5	8	5	7	9
4971	:	0	3	1	4	4	6
4972	:	5	7	8	7	5	1
4973	:	8	1	7	7	1	8
4974	:	0	10	5	9	1	4
4975	:	10	7	2	4	9	1
4976	:	3	6	9	1	3	3
4977	:	4	4	2	6	4	8
4978	:	3	2	1	10	7	8
4979	:	7	1	6	10	7	3
4980	:	1	1	10	8	0	9
4981	:	1	4	9	6	4	4
4982	:	3	6	8	8	2	3
4983	:	8	1	8	6	7	4
4984	:	5	7	3	4	4	1
4985	:	9	5	4	5	7	9
4986	:	7	3	7	7	6	2
4987	:	2	10	7	6	9	8
4988	:	8	5	2	7	5	6
4989	:	5	4	8	3	6	9
4990	:	3	4	2	0	8	2
4991	:	1	6	3	6	6	1
4992	:	4	5	7	1	10	4
4993	:	0	9	1	9	8	0
4994	:	6	4	4	2	10	1
4995	:	5	5	8	8	0	5
4996	:	4	1	9	5	1	1
4997	:	4	1	3	9	1	4
4998	:	7	2	3	7	6	8
4999	:	1	7	3	4	2	5
5000	:	4	5	1	0	1	10
